Thu Sep 25 2025	0	18900.00	2				
Thu Sep 25 2025	0	19000.00	1				
Thu Sep 25 2025	0	19100.00	4				
Thu Sep 25 2025	0	19200.00	0				
Thu Sep 25 2025	0	19300.00	0				
Thu Sep 25 2025	3	19400.00	2				
Thu Sep 25 2025	0	19500.00	0				
Thu Sep 25 2025	0	19600.00	0				
Thu Sep 25 2025	0	19700.00	0				
Thu Sep 25 2025	0	19800.00	0				
Thu Sep 25 2025	0	19900.00	0				
Thu Sep 25 2025	0	20000.00	23				
Thu Sep 25 2025	0	20100.00	0				
Thu Sep 25 2025	0	20200.00	0				
Thu Sep 25 2025	0	20300.00	0				
Thu Sep 25 2025	0	20400.00	0				
Thu Sep 25 2025	0	20500.00	0				
Thu Sep 25 2025	0	20600.00	14				
Thu Sep 25 2025	0	20700.00	0				
Thu Sep 25 2025	0	20800.00	7				
Thu Sep 25 2025	0	20900.00	0				
Thu Sep 25 2025	0	21000.00	1				
Thu Sep 25 2025	3	21100.00	0				
Thu Sep 25 2025	0	21200.00	1				
Thu Sep 25 2025	0	21300.00	3				
Thu Sep 25 2025	0	21400.00	0				
Thu Sep 25 2025	0	21500.00	1				
Thu Sep 25 2025	0	21600.00	3				
Thu Sep 25 2025	0	21700.00	0				
Thu Sep 25 2025	0	21800.00	0				
Thu Sep 25 2025	0	21900.00	3				
Thu Sep 25 2025	0	22000.00	3				
Thu Sep 25 2025	0	22100.00	3				
Thu Sep 25 2025	0	22200.00	25				
Thu Sep 25 2025	0	22300.00	73				
Thu Sep 25 2025	0	22400.00	27				
Thu Sep 25 2025	0	22500.00	30				
Thu Sep 25 2025	0	22600.00	42				
Thu Sep 25 2025	3	22700.00	9				
Thu Sep 25 2025	0	22800.00	79				
Thu Sep 25 2025	0	22900.00	36				
Thu Sep 25 2025	0	23000.00	37				
Thu Sep 25 2025	0	23100.00	20				
Thu Sep 25 2025	0	23150.00	0				
Thu Sep 25 2025	0	23160.00	0				
Thu Sep 25 2025	0	23170.00	0				
Thu Sep 25 2025	0	23180.00	0				
Thu Sep 25 2025	0	23190.00	0				
Thu Sep 25 2025	0	23200.00	19				
Thu Sep 25 2025	0	23210.00	0				
Thu Sep 25 2025	0	23220.00	0				
Thu Sep 25 2025	0	23230.00	0				
Thu Sep 25 2025	0	23240.00	0				
Thu Sep 25 2025	0	23250.00	27				
Thu Sep 25 2025	0	23260.00	1				
Thu Sep 25 2025	0	23270.00	0				
Thu Sep 25 2025	0	23280.00	8				
Thu Sep 25 2025	0	23290.00	0				
Thu Sep 25 2025	0	23300.00	10				
Thu Sep 25 2025	0	23310.00	2				
Thu Sep 25 2025	0	23320.00	0				
Thu Sep 25 2025	0	23330.00	0				
Thu Sep 25 2025	0	23340.00	1				
Thu Sep 25 2025	0	23350.00	12				
Thu Sep 25 2025	0	23360.00	1				
Thu Sep 25 2025	0	23370.00	0				
Thu Sep 25 2025	0	23380.00	6				
Thu Sep 25 2025	0	23390.00	0				
Thu Sep 25 2025	8	23400.00	12				
Thu Sep 25 2025	0	23410.00	3				
Thu Sep 25 2025	8	23420.00	6				
Thu Sep 25 2025	0	23430.00	6				
Thu Sep 25 2025	0	23440.00	5				
Thu Sep 25 2025	0	23450.00	5				
Thu Sep 25 2025	0	23460.00	3				
Thu Sep 25 2025	0	23470.00	10				
Thu Sep 25 2025	0	23480.00	3				
Thu Sep 25 2025	0	23490.00	3				
Thu Sep 25 2025	2	23500.00	40				
Thu Sep 25 2025	0	23510.00	1				
Thu Sep 25 2025	0	23520.00	0				
Thu Sep 25 2025	0	23530.00	0				
Thu Sep 25 2025	0	23540.00	17				
Thu Sep 25 2025	0	23550.00	5				
Thu Sep 25 2025	0	23560.00	2				
Thu Sep 25 2025	0	23570.00	1				
Thu Sep 25 2025	0	23580.00	1				
Thu Sep 25 2025	2	23590.00	0				
Thu Sep 25 2025	5	23600.00	40				
Thu Sep 25 2025	2	23610.00	0				
Thu Sep 25 2025	0	23620.00	2				
Thu Sep 25 2025	0	23630.00	1				
Thu Sep 25 2025	0	23640.00	7				
Thu Sep 25 2025	0	23650.00	9				
Thu Sep 25 2025	0	23660.00	0				
Thu Sep 25 2025	0	23670.00	0				
Thu Sep 25 2025	0	23680.00	15				
Thu Sep 25 2025	0	23690.00	4				
Thu Sep 25 2025	11	23700.00	91				
Thu Sep 25 2025	0	23710.00	1				
Thu Sep 25 2025	0	23720.00	7				
Thu Sep 25 2025	0	23730.00	3				
Thu Sep 25 2025	0	23740.00	1				
Thu Sep 25 2025	0	23750.00	11				
Thu Sep 25 2025	0	23760.00	1				
Thu Sep 25 2025	0	23770.00	1				
Thu Sep 25 2025	0	23780.00	2				
Thu Sep 25 2025	0	23790.00	7				
Thu Sep 25 2025	1	23800.00	55				
Thu Sep 25 2025	0	23810.00	30				
Thu Sep 25 2025	0	23820.00	1				
Thu Sep 25 2025	0	23830.00	10				
Thu Sep 25 2025	0	23840.00	6				
Thu Sep 25 2025	0	23850.00	67				
Thu Sep 25 2025	0	23860.00	18				
Thu Sep 25 2025	0	23870.00	1				
Thu Sep 25 2025	0	23880.00	5				
Thu Sep 25 2025	0	23890.00	70				
Thu Sep 25 2025	2	23900.00	62				
Thu Sep 25 2025	1	23910.00	43				
Thu Sep 25 2025	0	23920.00	84				
Thu Sep 25 2025	0	23930.00	14				
Thu Sep 25 2025	0	23940.00	7				
Thu Sep 25 2025	1	23950.00	58				
Thu Sep 25 2025	0	23960.00	3				
Thu Sep 25 2025	0	23970.00	92				
Thu Sep 25 2025	0	23980.00	40				
Thu Sep 25 2025	0	23990.00	103				
Thu Sep 25 2025	27	24000.00	93				
Thu Sep 25 2025	0	24010.00	31				
Thu Sep 25 2025	1	24020.00	20				
Thu Sep 25 2025	0	24030.00	5				
Thu Sep 25 2025	0	24040.00	9				
Thu Sep 25 2025	0	24050.00	25				
Thu Sep 25 2025	1	24060.00	19				
Thu Sep 25 2025	0	24070.00	19				
Thu Sep 25 2025	0	24080.00	24				
Thu Sep 25 2025	0	24090.00	14				
Thu Sep 25 2025	29	24100.00	37				
Thu Sep 25 2025	0	24110.00	48				
Thu Sep 25 2025	0	24120.00	26				
Thu Sep 25 2025	24	24130.00	41				
Thu Sep 25 2025	0	24140.00	23				
Thu Sep 25 2025	15	24150.00	66				
Thu Sep 25 2025	0	24160.00	71				
Thu Sep 25 2025	1	24170.00	19				
Thu Sep 25 2025	0	24180.00	105				
Thu Sep 25 2025	0	24190.00	73				
Thu Sep 25 2025	14	24200.00	151				
Thu Sep 25 2025	0	24210.00	20				
Thu Sep 25 2025	0	24220.00	58				
Thu Sep 25 2025	0	24230.00	32				
Thu Sep 25 2025	0	24240.00	77				
Thu Sep 25 2025	2	24250.00	79				
Thu Sep 25 2025	0	24260.00	51				
Thu Sep 25 2025	0	24270.00	37				
Thu Sep 25 2025	0	24280.00	25				
Thu Sep 25 2025	1	24290.00	12				
Thu Sep 25 2025	9	24300.00	83				
Thu Sep 25 2025	0	24310.00	109				
Thu Sep 25 2025	1	24320.00	75				
Thu Sep 25 2025	1	24330.00	92				
Thu Sep 25 2025	0	24340.00	33				
Thu Sep 25 2025	4	24350.00	87				
Thu Sep 25 2025	6	24360.00	67				
Thu Sep 25 2025	5	24370.00	26				
Thu Sep 25 2025	10	24380.00	34				
Thu Sep 25 2025	14	24390.00	12				
Thu Sep 25 2025	8	24400.00	65				
Thu Sep 25 2025	12	24410.00	36				
Thu Sep 25 2025	22	24420.00	10				
Thu Sep 25 2025	2	24430.00	18				
Thu Sep 25 2025	3	24440.00	13				
Thu Sep 25 2025	75	24450.00	159				
Thu Sep 25 2025	9	24460.00	12				
Thu Sep 25 2025	25	24470.00	5				
Thu Sep 25 2025	27	24480.00	16				
Thu Sep 25 2025	10	24490.00	29				
Thu Sep 25 2025	57	24500.00	154				
Thu Sep 25 2025	9	24510.00	23				
Thu Sep 25 2025	12	24520.00	12				
Thu Sep 25 2025	18	24530.00	11				
Thu Sep 25 2025	26	24540.00	40				
Thu Sep 25 2025	40	24550.00	121				
Thu Sep 25 2025	11	24560.00	26				
Thu Sep 25 2025	14	24570.00	28				
Thu Sep 25 2025	7	24580.00	43				
Thu Sep 25 2025	77	24590.00	41				
Thu Sep 25 2025	71	24600.00	84				
Thu Sep 25 2025	14	24610.00	3				
Thu Sep 25 2025	10	24620.00	2				
Thu Sep 25 2025	29	24630.00	4				
Thu Sep 25 2025	99	24640.00	1				
Thu Sep 25 2025	138	24650.00	15				
Thu Sep 25 2025	62	24660.00	3				
Thu Sep 25 2025	28	24670.00	7				
Thu Sep 25 2025	27	24680.00	5				
Thu Sep 25 2025	71	24690.00	0				
Thu Sep 25 2025	129	24700.00	20				
Thu Sep 25 2025	160	24710.00	10				
Thu Sep 25 2025	24	24720.00	13				
Thu Sep 25 2025	16	24730.00	0				
Thu Sep 25 2025	9	24740.00	2				
Thu Sep 25 2025	105	24750.00	7				
Thu Sep 25 2025	53	24760.00	1				
Thu Sep 25 2025	23	24770.00	2				
Thu Sep 25 2025	11	24780.00	0				
Thu Sep 25 2025	62	24790.00	0				
Thu Sep 25 2025	78	24800.00	1				
Thu Sep 25 2025	15	24810.00	0				
Thu Sep 25 2025	22	24820.00	1				
Thu Sep 25 2025	40	24830.00	0				
Thu Sep 25 2025	90	24840.00	0				
Thu Sep 25 2025	48	24850.00	0				
Thu Sep 25 2025	118	24860.00	1				
Thu Sep 25 2025	17	24870.00	0				
Thu Sep 25 2025	9	24880.00	0				
Thu Sep 25 2025	12	24890.00	0				
Thu Sep 25 2025	78	24900.00	2				
Thu Sep 25 2025	11	24910.00	0				
Thu Sep 25 2025	14	24920.00	2				
Thu Sep 25 2025	10	24930.00	0				
Thu Sep 25 2025	11	24940.00	0				
Thu Sep 25 2025	6	24950.00	0				
Thu Sep 25 2025	12	24960.00	0				
Thu Sep 25 2025	7	24970.00	0				
Thu Sep 25 2025	15	24980.00	0				
Thu Sep 25 2025	15	24990.00	0				
Thu Sep 25 2025	70	25000.00	0				
Thu Sep 25 2025	21	25010.00	0				
Thu Sep 25 2025	24	25020.00	0				
Thu Sep 25 2025	4	25030.00	2				
Thu Sep 25 2025	10	25040.00	0				
Thu Sep 25 2025	16	25050.00	2				
Thu Sep 25 2025	9	25060.00	0				
Thu Sep 25 2025	21	25070.00	0				
Thu Sep 25 2025	12	25080.00	0				
Thu Sep 25 2025	13	25090.00	0				
Thu Sep 25 2025	55	25100.00	0				
Thu Sep 25 2025	28	25110.00	0				
Thu Sep 25 2025	33	25120.00	0				
Thu Sep 25 2025	4	25130.00	0				
Thu Sep 25 2025	3	25140.00	0				
Thu Sep 25 2025	7	25150.00	0				
Thu Sep 25 2025	6	25160.00	0				
Thu Sep 25 2025	1	25170.00	0				
Thu Sep 25 2025	1	25180.00	0				
Thu Sep 25 2025	5	25190.00	0				
Thu Sep 25 2025	63	25200.00	0				
Thu Sep 25 2025	31	25210.00	0				
Thu Sep 25 2025	2	25220.00	0				
Thu Sep 25 2025	2	25230.00	0				
Thu Sep 25 2025	1	25240.00	0				
Thu Sep 25 2025	1	25250.00	0				
Thu Sep 25 2025	3	25260.00	0				
Thu Sep 25 2025	2	25270.00	0				
Thu Sep 25 2025	7	25280.00	0				
Thu Sep 25 2025	3	25290.00	0				
Thu Sep 25 2025	23	25300.00	0				
Thu Sep 25 2025	2	25310.00	0				
Thu Sep 25 2025	0	25320.00	0				
Thu Sep 25 2025	5	25330.00	0				
Thu Sep 25 2025	5	25340.00	0				
Thu Sep 25 2025	3	25350.00	0				
Thu Sep 25 2025	3	25360.00	0				
Thu Sep 25 2025	0	25370.00	0				
Thu Sep 25 2025	3	25380.00	0				
Thu Sep 25 2025	8	25390.00	0				
Thu Sep 25 2025	29	25400.00	0				
Thu Sep 25 2025	1	25410.00	0				
Thu Sep 25 2025	0	25420.00	0				
Thu Sep 25 2025	1	25430.00	0				
Thu Sep 25 2025	0	25440.00	0				
Thu Sep 25 2025	1	25450.00	0				
Thu Sep 25 2025	0	25460.00	0				
Thu Sep 25 2025	0	25470.00	0				
Thu Sep 25 2025	1	25480.00	0				
Thu Sep 25 2025	0	25490.00	0				
Thu Sep 25 2025	53	25500.00	0				
Thu Sep 25 2025	1	25510.00	0				
Thu Sep 25 2025	0	25520.00	0				
Thu Sep 25 2025	0	25530.00	0				
Thu Sep 25 2025	0	25540.00	0				
Thu Sep 25 2025	0	25550.00	0				
Thu Sep 25 2025	1	25560.00	0				
Thu Sep 25 2025	1	25570.00	0				
Thu Sep 25 2025	1	25580.00	0				
Thu Sep 25 2025	2	25590.00	0				
Thu Sep 25 2025	7	25600.00	0				
Thu Sep 25 2025	0	25610.00	0				
Thu Sep 25 2025	1	25620.00	0				
Thu Sep 25 2025	0	25630.00	0				
Thu Sep 25 2025	0	25640.00	0				
Thu Sep 25 2025	20	25650.00	0				
Thu Sep 25 2025	1	25660.00	0				
Thu Sep 25 2025	50	25670.00	0				
Thu Sep 25 2025	0	25680.00	0				
Thu Sep 25 2025	0	25690.00	0				
Thu Sep 25 2025	8	25700.00	0				
Thu Sep 25 2025	0	25710.00	0				
Thu Sep 25 2025	0	25720.00	0				
Thu Sep 25 2025	0	25730.00	0				
Thu Sep 25 2025	0	25740.00	0				
Thu Sep 25 2025	0	25750.00	0				
Thu Sep 25 2025	0	25760.00	0				
Thu Sep 25 2025	0	25770.00	0				
Thu Sep 25 2025	0	25780.00	0				
Thu Sep 25 2025	0	25790.00	0				
Thu Sep 25 2025	8	25800.00	0				
Thu Sep 25 2025	0	25810.00	0				
Thu Sep 25 2025	0	25820.00	0				
Thu Sep 25 2025	0	25830.00	0				
Thu Sep 25 2025	0	25840.00	0				
Thu Sep 25 2025	0	25850.00	0				
Thu Sep 25 2025	0	25860.00	0				
Thu Sep 25 2025	0	25870.00	0				
Thu Sep 25 2025	0	25880.00	0				
Thu Sep 25 2025	1	25890.00	0				
Thu Sep 25 2025	8	25900.00	0				
Thu Sep 25 2025	0	25910.00	0				
Thu Sep 25 2025	0	25920.00	0				
Thu Sep 25 2025	0	25930.00	0				
Thu Sep 25 2025	0	25940.00	0				
Thu Sep 25 2025	0	25950.00	0				
Thu Sep 25 2025	4	26000.00	0				
Thu Sep 25 2025	6	26100.00	0				
Thu Sep 25 2025	1	26200.00	0				
Thu Sep 25 2025	0	26300.00	0				
Thu Sep 25 2025	1	26400.00	0				
Thu Sep 25 2025	0	26500.00	0				
Thu Sep 25 2025	0	26600.00	0				
Thu Sep 25 2025	1	26700.00	0				
Thu Sep 25 2025	1	26800.00	0				
Thu Sep 25 2025	1	26900.00	0				
Thu Sep 25 2025	0	27000.00	0				
Thu Sep 25 2025	0	27100.00	0				
Thu Sep 25 2025	0	27200.00	0				
Thu Sep 25 2025	0	27300.00	0				
Thu Sep 25 2025	1	27400.00	0				
Thu Sep 25 2025	2	27500.00	0				
Thu Sep 25 2025	0	27600.00	0				
Thu Sep 25 2025	0	27700.00	0				
Thu Sep 25 2025	0	27800.00	0				
Thu Sep 25 2025	6	27900.00	0				
Thu Sep 25 2025	1	28000.00	0				
Thu Sep 25 2025	0	28200.00	0				
Thu Sep 25 2025	1	28300.00	0				
Thu Sep 25 2025	0	28400.00	0				
Thu Sep 25 2025	0	28500.00	0				
Thu Sep 25 2025	0	29000.00	0				
Fri Sep 26 2025	0	18500.00	6				
Fri Sep 26 2025	0	18600.00	3				
Fri Sep 26 2025	0	18700.00	0				
Fri Sep 26 2025	0	18800.00	0				
Fri Sep 26 2025	0	18900.00	0				
Fri Sep 26 2025	0	19000.00	7				
Fri Sep 26 2025	0	19100.00	4				
Fri Sep 26 2025	0	19200.00	1				
Fri Sep 26 2025	0	19300.00	0				
Fri Sep 26 2025	3	19400.00	0				
Fri Sep 26 2025	0	19500.00	25				
Fri Sep 26 2025	0	19600.00	0				
Fri Sep 26 2025	0	19700.00	1				
Fri Sep 26 2025	2	19800.00	4				
Fri Sep 26 2025	0	19900.00	1				
Fri Sep 26 2025	0	20000.00	12				
Fri Sep 26 2025	0	20100.00	2				
Fri Sep 26 2025	0	20200.00	0				
Fri Sep 26 2025	0	20300.00	4				
Fri Sep 26 2025	0	20400.00	1				
Fri Sep 26 2025	0	20500.00	16				
Fri Sep 26 2025	0	20600.00	3				
Fri Sep 26 2025	0	20700.00	11				
Fri Sep 26 2025	0	20800.00	22				
Fri Sep 26 2025	0	20825.00	0				
Fri Sep 26 2025	0	20850.00	0				
Fri Sep 26 2025	0	20875.00	0				
Fri Sep 26 2025	0	20900.00	5				
Fri Sep 26 2025	0	20925.00	0				
Fri Sep 26 2025	0	20950.00	3				
Fri Sep 26 2025	0	20975.00	2				
Fri Sep 26 2025	0	21000.00	14				
Fri Sep 26 2025	0	21025.00	2				
Fri Sep 26 2025	0	21050.00	1				
Fri Sep 26 2025	0	21075.00	1				
Fri Sep 26 2025	20	21100.00	9				
Fri Sep 26 2025	0	21125.00	0				
Fri Sep 26 2025	0	21150.00	2				
Fri Sep 26 2025	0	21175.00	3				
Fri Sep 26 2025	0	21200.00	10				
Fri Sep 26 2025	0	21225.00	0				
Fri Sep 26 2025	0	21250.00	3				
Fri Sep 26 2025	0	21275.00	0				
Fri Sep 26 2025	0	21300.00	2				
Fri Sep 26 2025	0	21325.00	6				
Fri Sep 26 2025	0	21350.00	4				
Fri Sep 26 2025	0	21375.00	1				
Fri Sep 26 2025	0	21400.00	6				
Fri Sep 26 2025	0	21425.00	0				
Fri Sep 26 2025	0	21450.00	1				
Fri Sep 26 2025	0	21475.00	1				
Fri Sep 26 2025	0	21500.00	52				
Fri Sep 26 2025	0	21525.00	0				
Fri Sep 26 2025	0	21550.00	8				
Fri Sep 26 2025	0	21575.00	7				
Fri Sep 26 2025	0	21600.00	6				
Fri Sep 26 2025	0	21625.00	5				
Fri Sep 26 2025	0	21650.00	0				
Fri Sep 26 2025	0	21675.00	0				
Fri Sep 26 2025	0	21700.00	13				
Fri Sep 26 2025	0	21725.00	5				
Fri Sep 26 2025	0	21750.00	5				
Fri Sep 26 2025	0	21775.00	4				
Fri Sep 26 2025	0	21800.00	8				
Fri Sep 26 2025	0	21825.00	4				
Fri Sep 26 2025	0	21850.00	4				
Fri Sep 26 2025	0	21875.00	5				
Fri Sep 26 2025	0	21900.00	23				
Fri Sep 26 2025	0	21925.00	1				
Fri Sep 26 2025	0	21950.00	2				
Fri Sep 26 2025	0	21975.00	6				
Fri Sep 26 2025	0	22000.00	303				
Fri Sep 26 2025	0	22025.00	1				
Fri Sep 26 2025	0	22050.00	3				
Fri Sep 26 2025	0	22075.00	1				
Fri Sep 26 2025	0	22100.00	32				
Fri Sep 26 2025	0	22125.00	1				
Fri Sep 26 2025	0	22150.00	3				
Fri Sep 26 2025	0	22175.00	2				
Fri Sep 26 2025	0	22200.00	28				
Fri Sep 26 2025	0	22225.00	54				
Fri Sep 26 2025	0	22250.00	3				
Fri Sep 26 2025	0	22275.00	3				
Fri Sep 26 2025	0	22300.00	60				
Fri Sep 26 2025	0	22325.00	95				
Fri Sep 26 2025	0	22350.00	13				
Fri Sep 26 2025	0	22375.00	5				
Fri Sep 26 2025	0	22400.00	19				
Fri Sep 26 2025	0	22425.00	3				
Fri Sep 26 2025	0	22450.00	4				
Fri Sep 26 2025	0	22475.00	4				
Fri Sep 26 2025	0	22500.00	530				
Fri Sep 26 2025	0	22525.00	5				
Fri Sep 26 2025	0	22550.00	3				
Fri Sep 26 2025	0	22575.00	1				
Fri Sep 26 2025	0	22600.00	10				
Fri Sep 26 2025	0	22625.00	1				
Fri Sep 26 2025	0	22650.00	9				
Fri Sep 26 2025	0	22675.00	9				
Fri Sep 26 2025	20	22700.00	17				
Fri Sep 26 2025	0	22725.00	10				
Fri Sep 26 2025	0	22750.00	13				
Fri Sep 26 2025	0	22775.00	2				
Fri Sep 26 2025	1	22800.00	18				
Fri Sep 26 2025	0	22825.00	27				
Fri Sep 26 2025	0	22850.00	3				
Fri Sep 26 2025	0	22875.00	69				
Fri Sep 26 2025	0	22900.00	13				
Fri Sep 26 2025	1	22925.00	4				
Fri Sep 26 2025	0	22950.00	66				
Fri Sep 26 2025	0	22975.00	7				
Fri Sep 26 2025	9	23000.00	488				
Fri Sep 26 2025	2	23025.00	11				
Fri Sep 26 2025	0	23050.00	9				
Fri Sep 26 2025	0	23075.00	5				
Fri Sep 26 2025	0	23100.00	60				
Fri Sep 26 2025	1	23125.00	15				
Fri Sep 26 2025	7	23150.00	148				
Fri Sep 26 2025	0	23160.00	0				
Fri Sep 26 2025	0	23170.00	0				
Fri Sep 26 2025	0	23175.00	109				
Fri Sep 26 2025	0	23180.00	0				
Fri Sep 26 2025	0	23190.00	0				
Fri Sep 26 2025	5	23200.00	124				
Fri Sep 26 2025	0	23210.00	0				
Fri Sep 26 2025	0	23220.00	0				
Fri Sep 26 2025	0	23225.00	15				
Fri Sep 26 2025	0	23230.00	0				
Fri Sep 26 2025	0	23240.00	0				
Fri Sep 26 2025	6	23250.00	13				
Fri Sep 26 2025	0	23260.00	0				
Fri Sep 26 2025	0	23270.00	0				
Fri Sep 26 2025	10	23275.00	16				
Fri Sep 26 2025	0	23280.00	0				
Fri Sep 26 2025	0	23290.00	0				
Fri Sep 26 2025	2	23300.00	48				
Fri Sep 26 2025	0	23310.00	0				
Fri Sep 26 2025	0	23320.00	0				
Fri Sep 26 2025	1	23325.00	11				
Fri Sep 26 2025	0	23330.00	0				
Fri Sep 26 2025	0	23340.00	0				
Fri Sep 26 2025	0	23350.00	12				
Fri Sep 26 2025	0	23360.00	12				
Fri Sep 26 2025	0	23370.00	5				
Fri Sep 26 2025	30	23375.00	8				
Fri Sep 26 2025	0	23380.00	2				
Fri Sep 26 2025	0	23390.00	4				
Fri Sep 26 2025	11	23400.00	48				
Fri Sep 26 2025	0	23410.00	0				
Fri Sep 26 2025	0	23420.00	0				
Fri Sep 26 2025	1	23425.00	7				
Fri Sep 26 2025	0	23430.00	0				
Fri Sep 26 2025	0	23440.00	5				
Fri Sep 26 2025	0	23450.00	53				
Fri Sep 26 2025	0	23460.00	0				
Fri Sep 26 2025	1	23470.00	0				
Fri Sep 26 2025	1	23475.00	11				
Fri Sep 26 2025	1	23480.00	0				
Fri Sep 26 2025	0	23490.00	0				
Fri Sep 26 2025	42	23500.00	73				
Fri Sep 26 2025	0	23510.00	1				
Fri Sep 26 2025	0	23520.00	1				
Fri Sep 26 2025	3	23525.00	11				
Fri Sep 26 2025	0	23530.00	0				
Fri Sep 26 2025	0	23540.00	6				
Fri Sep 26 2025	3	23550.00	36				
Fri Sep 26 2025	0	23560.00	0				
Fri Sep 26 2025	0	23570.00	0				
Fri Sep 26 2025	8	23575.00	220				
Fri Sep 26 2025	0	23580.00	1				
Fri Sep 26 2025	0	23590.00	2				
Fri Sep 26 2025	8	23600.00	46				
Fri Sep 26 2025	0	23610.00	1				
Fri Sep 26 2025	0	23620.00	7				
Fri Sep 26 2025	6	23625.00	12				
Fri Sep 26 2025	0	23630.00	1				
Fri Sep 26 2025	0	23640.00	33				
Fri Sep 26 2025	3	23650.00	37				
Fri Sep 26 2025	0	23660.00	1				
Fri Sep 26 2025	0	23670.00	0				
Fri Sep 26 2025	2	23675.00	19				
Fri Sep 26 2025	0	23680.00	2				
Fri Sep 26 2025	0	23690.00	33				
Fri Sep 26 2025	30	23700.00	29				
Fri Sep 26 2025	0	23710.00	8				
Fri Sep 26 2025	0	23720.00	0				
Fri Sep 26 2025	15	23725.00	22				
Fri Sep 26 2025	0	23730.00	1				
Fri Sep 26 2025	0	23740.00	3				
Fri Sep 26 2025	3	23750.00	15				
Fri Sep 26 2025	0	23760.00	5				
Fri Sep 26 2025	0	23770.00	7				
Fri Sep 26 2025	3	23775.00	26				
Fri Sep 26 2025	0	23780.00	1				
Fri Sep 26 2025	0	23790.00	6				
Fri Sep 26 2025	37	23800.00	24				
Fri Sep 26 2025	0	23810.00	11				
Fri Sep 26 2025	0	23820.00	0				
Fri Sep 26 2025	4	23825.00	12				
Fri Sep 26 2025	0	23830.00	2				
Fri Sep 26 2025	0	23840.00	11				
Fri Sep 26 2025	8	23850.00	35				
Fri Sep 26 2025	0	23860.00	11				
Fri Sep 26 2025	0	23870.00	0				
Fri Sep 26 2025	8	23875.00	11				
Fri Sep 26 2025	0	23880.00	1				
Fri Sep 26 2025	0	23890.00	5				
Fri Sep 26 2025	55	23900.00	37				
Fri Sep 26 2025	0	23910.00	4				
Fri Sep 26 2025	0	23920.00	0				
Fri Sep 26 2025	1	23925.00	15				
Fri Sep 26 2025	0	23930.00	0				
Fri Sep 26 2025	0	23940.00	0				
Fri Sep 26 2025	11	23950.00	38				
Fri Sep 26 2025	1	23960.00	6				
Fri Sep 26 2025	0	23970.00	0				
Fri Sep 26 2025	18	23975.00	12				
Fri Sep 26 2025	0	23980.00	15				
Fri Sep 26 2025	0	23990.00	4				
Fri Sep 26 2025	37	24000.00	63				
Fri Sep 26 2025	0	24010.00	3				
Fri Sep 26 2025	0	24020.00	3				
Fri Sep 26 2025	3	24025.00	17				
Fri Sep 26 2025	0	24030.00	2				
Fri Sep 26 2025	0	24040.00	9				
Fri Sep 26 2025	24	24050.00	19				
Fri Sep 26 2025	0	24060.00	4				
Fri Sep 26 2025	0	24070.00	0				
Fri Sep 26 2025	24	24075.00	13				
Fri Sep 26 2025	0	24080.00	12				
Fri Sep 26 2025	0	24090.00	5				
Fri Sep 26 2025	40	24100.00	43				
Fri Sep 26 2025	0	24110.00	32				
Fri Sep 26 2025	0	24120.00	30				
Fri Sep 26 2025	2	24125.00	17				
Fri Sep 26 2025	0	24130.00	27				
Fri Sep 26 2025	0	24140.00	9				
Fri Sep 26 2025	60	24150.00	58				
Fri Sep 26 2025	0	24160.00	11				
Fri Sep 26 2025	0	24170.00	1				
Fri Sep 26 2025	34	24175.00	11				
Fri Sep 26 2025	0	24180.00	4				
Fri Sep 26 2025	0	24190.00	17				
Fri Sep 26 2025	28	24200.00	110				
Fri Sep 26 2025	0	24210.00	6				
Fri Sep 26 2025	0	24220.00	3				
Fri Sep 26 2025	14	24225.00	17				
Fri Sep 26 2025	0	24230.00	2				
Fri Sep 26 2025	2	24240.00	11				
Fri Sep 26 2025	9	24250.00	32				
Fri Sep 26 2025	0	24260.00	7				
Fri Sep 26 2025	0	24270.00	2				
Fri Sep 26 2025	19	24275.00	8				
Fri Sep 26 2025	0	24280.00	2				
Fri Sep 26 2025	1	24290.00	1				
Fri Sep 26 2025	26	24300.00	56				
Fri Sep 26 2025	0	24310.00	14				
Fri Sep 26 2025	0	24320.00	30				
Fri Sep 26 2025	41	24325.00	15				
Fri Sep 26 2025	0	24330.00	4				
Fri Sep 26 2025	0	24340.00	1				
Fri Sep 26 2025	41	24350.00	16				
Fri Sep 26 2025	2	24360.00	18				
Fri Sep 26 2025	1	24370.00	19				
Fri Sep 26 2025	15	24375.00	23				
Fri Sep 26 2025	1	24380.00	3				
Fri Sep 26 2025	2	24390.00	4				
Fri Sep 26 2025	24	24400.00	41				
Fri Sep 26 2025	3	24410.00	14				
Fri Sep 26 2025	2	24420.00	8				
Fri Sep 26 2025	16	24425.00	18				
Fri Sep 26 2025	3	24430.00	12				
Fri Sep 26 2025	10	24440.00	9				
Fri Sep 26 2025	65	24450.00	20				
Fri Sep 26 2025	18	24460.00	13				
Fri Sep 26 2025	1	24470.00	8				
Fri Sep 26 2025	14	24475.00	29				
Fri Sep 26 2025	1	24480.00	4				
Fri Sep 26 2025	4	24490.00	9				
Fri Sep 26 2025	58	24500.00	129				
Fri Sep 26 2025	4	24510.00	7				
Fri Sep 26 2025	2	24520.00	8				
Fri Sep 26 2025	44	24525.00	17				
Fri Sep 26 2025	1	24530.00	14				
Fri Sep 26 2025	15	24540.00	28				
Fri Sep 26 2025	32	24550.00	127				
Fri Sep 26 2025	11	24560.00	3				
Fri Sep 26 2025	4	24570.00	7				
Fri Sep 26 2025	6	24575.00	45				
Fri Sep 26 2025	10	24580.00	15				
Fri Sep 26 2025	16	24590.00	6				
Fri Sep 26 2025	57	24600.00	91				
Fri Sep 26 2025	11	24610.00	3				
Fri Sep 26 2025	2	24620.00	24				
Fri Sep 26 2025	32	24625.00	13				
Fri Sep 26 2025	3	24630.00	4				
Fri Sep 26 2025	5	24640.00	11				
Fri Sep 26 2025	62	24650.00	76				
Fri Sep 26 2025	12	24660.00	9				
Fri Sep 26 2025	8	24670.00	15				
Fri Sep 26 2025	16	24675.00	14				
Fri Sep 26 2025	10	24680.00	15				
Fri Sep 26 2025	17	24690.00	3				
Fri Sep 26 2025	131	24700.00	6				
Fri Sep 26 2025	5	24710.00	5				
Fri Sep 26 2025	12	24720.00	9				
Fri Sep 26 2025	17	24725.00	2				
Fri Sep 26 2025	4	24730.00	1				
Fri Sep 26 2025	0	24740.00	0				
Fri Sep 26 2025	52	24750.00	7				
Fri Sep 26 2025	22	24760.00	3				
Fri Sep 26 2025	24	24770.00	1				
Fri Sep 26 2025	12	24775.00	7				
Fri Sep 26 2025	6	24780.00	0				
Fri Sep 26 2025	13	24790.00	1				
Fri Sep 26 2025	101	24800.00	1				
Fri Sep 26 2025	0	24810.00	0				
Fri Sep 26 2025	2	24820.00	1				
Fri Sep 26 2025	13	24825.00	0				
Fri Sep 26 2025	7	24830.00	0				
Fri Sep 26 2025	4	24840.00	0				
Fri Sep 26 2025	30	24850.00	0				
Fri Sep 26 2025	8	24860.00	0				
Fri Sep 26 2025	5	24870.00	0				
Fri Sep 26 2025	10	24875.00	0				
Fri Sep 26 2025	2	24880.00	0				
Fri Sep 26 2025	4	24890.00	2				
Fri Sep 26 2025	72	24900.00	0				
Fri Sep 26 2025	8	24910.00	2				
Fri Sep 26 2025	5	24920.00	0				
Fri Sep 26 2025	8	24925.00	0				
Fri Sep 26 2025	9	24930.00	0				
Fri Sep 26 2025	16	24940.00	0				
Fri Sep 26 2025	30	24950.00	0				
Fri Sep 26 2025	9	24960.00	0				
Fri Sep 26 2025	2	24970.00	0				
Fri Sep 26 2025	32	24975.00	0				
Fri Sep 26 2025	8	24980.00	0				
Fri Sep 26 2025	5	24990.00	0				
Fri Sep 26 2025	81	25000.00	2				
Fri Sep 26 2025	24	25010.00	0				
Fri Sep 26 2025	9	25020.00	0				
Fri Sep 26 2025	15	25025.00	0				
Fri Sep 26 2025	1	25030.00	0				
Fri Sep 26 2025	2	25040.00	0				
Fri Sep 26 2025	5	25050.00	0				
Fri Sep 26 2025	8	25060.00	0				
Fri Sep 26 2025	6	25070.00	0				
Fri Sep 26 2025	18	25075.00	0				
Fri Sep 26 2025	14	25080.00	0				
Fri Sep 26 2025	4	25090.00	0				
Fri Sep 26 2025	58	25100.00	0				
Fri Sep 26 2025	10	25110.00	0				
Fri Sep 26 2025	6	25120.00	0				
Fri Sep 26 2025	6	25125.00	0				
Fri Sep 26 2025	0	25130.00	0				
Fri Sep 26 2025	9	25140.00	0				
Fri Sep 26 2025	15	25150.00	0				
Fri Sep 26 2025	9	25160.00	0				
Fri Sep 26 2025	6	25170.00	0				
Fri Sep 26 2025	7	25175.00	0				
Fri Sep 26 2025	0	25180.00	0				
Fri Sep 26 2025	3	25190.00	0				
Fri Sep 26 2025	53	25200.00	0				
Fri Sep 26 2025	19	25210.00	0				
Fri Sep 26 2025	1	25220.00	0				
Fri Sep 26 2025	10	25225.00	0				
Fri Sep 26 2025	1	25230.00	0				
Fri Sep 26 2025	4	25240.00	0				
Fri Sep 26 2025	22	25250.00	0				
Fri Sep 26 2025	8	25260.00	0				
Fri Sep 26 2025	7	25270.00	0				
Fri Sep 26 2025	6	25275.00	0				
Fri Sep 26 2025	4	25280.00	0				
Fri Sep 26 2025	25	25290.00	0				
Fri Sep 26 2025	60	25300.00	0				
Fri Sep 26 2025	3	25310.00	0				
Fri Sep 26 2025	1	25320.00	0				
Fri Sep 26 2025	3	25325.00	0				
Fri Sep 26 2025	0	25330.00	0				
Fri Sep 26 2025	1	25340.00	0				
Fri Sep 26 2025	8	25350.00	0				
Fri Sep 26 2025	1	25360.00	0				
Fri Sep 26 2025	1	25370.00	0				
Fri Sep 26 2025	6	25375.00	0				
Fri Sep 26 2025	9	25380.00	0				
Fri Sep 26 2025	4	25390.00	0				
Fri Sep 26 2025	26	25400.00	0				
Fri Sep 26 2025	0	25410.00	0				
Fri Sep 26 2025	0	25420.00	0				
Fri Sep 26 2025	27	25425.00	0				
Fri Sep 26 2025	1	25430.00	0				
Fri Sep 26 2025	2	25440.00	0				
Fri Sep 26 2025	35	25450.00	0				
Fri Sep 26 2025	9	25460.00	0				
Fri Sep 26 2025	2	25470.00	0				
Fri Sep 26 2025	12	25475.00	0				
Fri Sep 26 2025	1	25480.00	0				
Fri Sep 26 2025	1	25490.00	0				
Fri Sep 26 2025	23	25500.00	0				
Fri Sep 26 2025	2	25510.00	0				
Fri Sep 26 2025	0	25520.00	0				
Fri Sep 26 2025	9	25525.00	0				
Fri Sep 26 2025	0	25530.00	0				
Fri Sep 26 2025	0	25540.00	0				
Fri Sep 26 2025	19	25550.00	0				
Fri Sep 26 2025	8	25560.00	0				
Fri Sep 26 2025	0	25570.00	0				
Fri Sep 26 2025	8	25575.00	0				
Fri Sep 26 2025	0	25580.00	0				
Fri Sep 26 2025	0	25590.00	0				
Fri Sep 26 2025	23	25600.00	0				
Fri Sep 26 2025	1	25610.00	0				
Fri Sep 26 2025	0	25620.00	0				
Fri Sep 26 2025	11	25625.00	0				
Fri Sep 26 2025	0	25630.00	0				
Fri Sep 26 2025	1	25640.00	0				
Fri Sep 26 2025	17	25650.00	0				
Fri Sep 26 2025	0	25660.00	0				
Fri Sep 26 2025	0	25670.00	0				
Fri Sep 26 2025	3	25675.00	0				
Fri Sep 26 2025	0	25680.00	0				
Fri Sep 26 2025	0	25690.00	0				
Fri Sep 26 2025	9	25700.00	0				
Fri Sep 26 2025	0	25710.00	0				
Fri Sep 26 2025	0	25720.00	0				
Fri Sep 26 2025	2	25725.00	0				
Fri Sep 26 2025	1	25730.00	0				
Fri Sep 26 2025	0	25740.00	0				
Fri Sep 26 2025	3	25750.00	0				
Fri Sep 26 2025	0	25760.00	0				
Fri Sep 26 2025	0	25770.00	0				
Fri Sep 26 2025	2	25775.00	0				
Fri Sep 26 2025	0	25780.00	0				
Fri Sep 26 2025	0	25790.00	0				
Fri Sep 26 2025	4	25800.00	0				
Fri Sep 26 2025	0	25810.00	0				
Fri Sep 26 2025	0	25820.00	0				
Fri Sep 26 2025	0	25825.00	0				
Fri Sep 26 2025	0	25830.00	0				
Fri Sep 26 2025	0	25840.00	0				
Fri Sep 26 2025	6	25850.00	0				
Fri Sep 26 2025	0	25860.00	0				
Fri Sep 26 2025	0	25870.00	0				
Fri Sep 26 2025	2	25875.00	0				
Fri Sep 26 2025	0	25880.00	0				
Fri Sep 26 2025	0	25890.00	0				
Fri Sep 26 2025	4	25900.00	0				
Fri Sep 26 2025	0	25910.00	0				
Fri Sep 26 2025	0	25920.00	0				
Fri Sep 26 2025	0	25925.00	0				
Fri Sep 26 2025	0	25930.00	0				
Fri Sep 26 2025	0	25940.00	0				
Fri Sep 26 2025	1	25950.00	0				
Fri Sep 26 2025	1	25975.00	0				
Fri Sep 26 2025	5	26000.00	0				
Fri Sep 26 2025	0	26025.00	0				
Fri Sep 26 2025	1	26050.00	0				
Fri Sep 26 2025	1	26075.00	0				
Fri Sep 26 2025	4	26100.00	0				
Fri Sep 26 2025	0	26125.00	0				
Fri Sep 26 2025	0	26150.00	0				
Fri Sep 26 2025	0	26175.00	0				
Fri Sep 26 2025	2	26200.00	0				
Fri Sep 26 2025	0	26225.00	0				
Fri Sep 26 2025	1	26250.00	0				
Fri Sep 26 2025	0	26275.00	0				
Fri Sep 26 2025	1	26300.00	0				
Fri Sep 26 2025	0	26325.00	0				
Fri Sep 26 2025	0	26350.00	0				
Fri Sep 26 2025	0	26375.00	0				
Fri Sep 26 2025	2	26400.00	0				
Fri Sep 26 2025	0	26425.00	0				
Fri Sep 26 2025	0	26450.00	0				
Fri Sep 26 2025	0	26475.00	0				
Fri Sep 26 2025	0	26500.00	0				
Fri Sep 26 2025	0	26525.00	0				
Fri Sep 26 2025	0	26550.00	0				
Fri Sep 26 2025	0	26575.00	0				
Fri Sep 26 2025	2	26600.00	0				
Fri Sep 26 2025	0	26625.00	0				
Fri Sep 26 2025	0	26650.00	0				
Fri Sep 26 2025	0	26675.00	0				
Fri Sep 26 2025	0	26700.00	0				
Fri Sep 26 2025	0	26725.00	0				
Fri Sep 26 2025	0	26750.00	0				
Fri Sep 26 2025	0	26775.00	0				
Fri Sep 26 2025	0	26800.00	0				
Fri Sep 26 2025	8	26825.00	0				
Fri Sep 26 2025	0	26850.00	0				
Fri Sep 26 2025	0	26875.00	0				
Fri Sep 26 2025	0	26900.00	0				
Fri Sep 26 2025	0	26925.00	0				
Fri Sep 26 2025	0	26950.00	0				
Fri Sep 26 2025	0	26975.00	0				
Fri Sep 26 2025	2	27000.00	0				
Fri Sep 26 2025	1	27100.00	0				
Fri Sep 26 2025	0	27200.00	0				
Fri Sep 26 2025	1	27300.00	0				
Fri Sep 26 2025	0	27400.00	0				
Fri Sep 26 2025	1	27500.00	0				
Fri Sep 26 2025	0	27600.00	0				
Fri Sep 26 2025	0	27700.00	0				
Fri Sep 26 2025	0	27800.00	0				
Fri Sep 26 2025	1	27900.00	0				
Fri Sep 26 2025	0	28000.00	0				
Fri Sep 26 2025	0	28100.00	0				
Fri Sep 26 2025	0	28200.00	0				
Fri Sep 26 2025	0	28300.00	0				
Fri Sep 26 2025	0	28400.00	0				
Fri Sep 26 2025	0	28500.00	0				
Fri Sep 26 2025	0	28600.00	0				
Fri Sep 26 2025	0	28700.00	0				
Fri Sep 26 2025	0	28800.00	0				
Fri Sep 26 2025	0	28900.00	0				
Fri Sep 26 2025	0	29100.00	0				
Fri Sep 26 2025	0	29200.00	0				
Fri Sep 26 2025	0	29300.00	0				
Fri Sep 26 2025	0	29400.00	0				
Fri Sep 26 2025	0	29500.00	0				
Mon Sep 29 2025	0	18800.00	8				
Mon Sep 29 2025	0	18900.00	0				
Mon Sep 29 2025	0	19000.00	0				
Mon Sep 29 2025	0	19100.00	0				
Mon Sep 29 2025	0	19200.00	0				
Mon Sep 29 2025	0	19300.00	0				
Mon Sep 29 2025	0	19400.00	0				
Mon Sep 29 2025	0	19500.00	2				
Mon Sep 29 2025	0	19600.00	0				
Mon Sep 29 2025	0	19700.00	0				
Mon Sep 29 2025	0	19800.00	0				
Mon Sep 29 2025	0	19900.00	0				
Mon Sep 29 2025	0	20000.00	0				
Mon Sep 29 2025	0	20100.00	1				
Mon Sep 29 2025	0	20200.00	0				
Mon Sep 29 2025	0	20300.00	0				
Mon Sep 29 2025	0	20400.00	0				
Mon Sep 29 2025	0	20500.00	0				
Mon Sep 29 2025	0	20600.00	0				
Mon Sep 29 2025	0	20700.00	0				
Mon Sep 29 2025	0	20800.00	0				
Mon Sep 29 2025	0	20900.00	0				
Mon Sep 29 2025	0	21000.00	2				
Mon Sep 29 2025	0	21100.00	4				
Mon Sep 29 2025	0	21200.00	0				
Mon Sep 29 2025	0	21300.00	1				
Mon Sep 29 2025	0	21400.00	5				
Mon Sep 29 2025	0	21500.00	1				
Mon Sep 29 2025	0	21600.00	5				
Mon Sep 29 2025	0	21700.00	3				
Mon Sep 29 2025	0	21800.00	0				
Mon Sep 29 2025	0	21900.00	0				
Mon Sep 29 2025	0	22000.00	19				
Mon Sep 29 2025	0	22100.00	0				
Mon Sep 29 2025	0	22200.00	1				
Mon Sep 29 2025	0	22300.00	1				
Mon Sep 29 2025	0	22400.00	5				
Mon Sep 29 2025	0	22500.00	7				
Mon Sep 29 2025	0	22600.00	11				
Mon Sep 29 2025	0	22700.00	5				
Mon Sep 29 2025	2	22800.00	15				
Mon Sep 29 2025	2	22900.00	11				
Mon Sep 29 2025	1	23000.00	81				
Mon Sep 29 2025	0	23100.00	24				
Mon Sep 29 2025	0	23150.00	0				
Mon Sep 29 2025	0	23160.00	0				
Mon Sep 29 2025	0	23170.00	0				
Mon Sep 29 2025	0	23180.00	0				
Mon Sep 29 2025	0	23190.00	0				
Mon Sep 29 2025	0	23200.00	18				
Mon Sep 29 2025	0	23210.00	0				
Mon Sep 29 2025	0	23220.00	0				
Mon Sep 29 2025	0	23230.00	0				
Mon Sep 29 2025	0	23240.00	0				
Mon Sep 29 2025	0	23250.00	0				
Mon Sep 29 2025	0	23260.00	0				
Mon Sep 29 2025	0	23270.00	0				
Mon Sep 29 2025	0	23280.00	0				
Mon Sep 29 2025	0	23290.00	0				
Mon Sep 29 2025	0	23300.00	109				
Mon Sep 29 2025	0	23310.00	0				
Mon Sep 29 2025	0	23320.00	0				
Mon Sep 29 2025	0	23330.00	0				
Mon Sep 29 2025	0	23340.00	0				
Mon Sep 29 2025	0	23350.00	0				
Mon Sep 29 2025	0	23360.00	0				
Mon Sep 29 2025	0	23370.00	0				
Mon Sep 29 2025	0	23380.00	0				
Mon Sep 29 2025	0	23390.00	0				
Mon Sep 29 2025	0	23400.00	19				
Mon Sep 29 2025	0	23410.00	0				
Mon Sep 29 2025	0	23420.00	0				
Mon Sep 29 2025	0	23430.00	0				
Mon Sep 29 2025	0	23440.00	0				
Mon Sep 29 2025	1	23450.00	1				
Mon Sep 29 2025	1	23460.00	1				
Mon Sep 29 2025	0	23470.00	4				
Mon Sep 29 2025	0	23480.00	1				
Mon Sep 29 2025	0	23490.00	0				
Mon Sep 29 2025	1	23500.00	15				
Mon Sep 29 2025	1	23510.00	1				
Mon Sep 29 2025	0	23520.00	0				
Mon Sep 29 2025	0	23530.00	7				
Mon Sep 29 2025	0	23540.00	0				
Mon Sep 29 2025	0	23550.00	6				
Mon Sep 29 2025	0	23560.00	7				
Mon Sep 29 2025	0	23570.00	1				
Mon Sep 29 2025	0	23580.00	12				
Mon Sep 29 2025	0	23590.00	0				
Mon Sep 29 2025	38	23600.00	23				
Mon Sep 29 2025	0	23610.00	0				
Mon Sep 29 2025	0	23620.00	0				
Mon Sep 29 2025	0	23630.00	0				
Mon Sep 29 2025	0	23640.00	1				
Mon Sep 29 2025	0	23650.00	0				
Mon Sep 29 2025	0	23660.00	0				
Mon Sep 29 2025	0	23670.00	0				
Mon Sep 29 2025	0	23680.00	0				
Mon Sep 29 2025	0	23690.00	0				
Mon Sep 29 2025	0	23700.00	9				
Mon Sep 29 2025	0	23710.00	0				
Mon Sep 29 2025	0	23720.00	0				
Mon Sep 29 2025	0	23730.00	0				
Mon Sep 29 2025	0	23740.00	0				
Mon Sep 29 2025	0	23750.00	0				
Mon Sep 29 2025	0	23760.00	0				
Mon Sep 29 2025	0	23770.00	0				
Mon Sep 29 2025	0	23780.00	0				
Mon Sep 29 2025	0	23790.00	6				
Mon Sep 29 2025	1	23800.00	29				
Mon Sep 29 2025	0	23810.00	6				
Mon Sep 29 2025	0	23820.00	0				
Mon Sep 29 2025	0	23830.00	0				
Mon Sep 29 2025	0	23840.00	0				
Mon Sep 29 2025	1	23850.00	0				
Mon Sep 29 2025	0	23860.00	0				
Mon Sep 29 2025	0	23870.00	0				
Mon Sep 29 2025	0	23880.00	0				
Mon Sep 29 2025	0	23890.00	0				
Mon Sep 29 2025	2	23900.00	50				
Mon Sep 29 2025	0	23910.00	4				
Mon Sep 29 2025	0	23920.00	0				
Mon Sep 29 2025	0	23930.00	1				
Mon Sep 29 2025	0	23940.00	0				
Mon Sep 29 2025	0	23950.00	1				
Mon Sep 29 2025	0	23960.00	0				
Mon Sep 29 2025	0	23970.00	0				
Mon Sep 29 2025	0	23980.00	0				
Mon Sep 29 2025	0	23990.00	0				
Mon Sep 29 2025	27	24000.00	50				
Mon Sep 29 2025	0	24010.00	0				
Mon Sep 29 2025	0	24020.00	0				
Mon Sep 29 2025	0	24030.00	0				
Mon Sep 29 2025	0	24040.00	0				
Mon Sep 29 2025	0	24050.00	0				
Mon Sep 29 2025	0	24060.00	0				
Mon Sep 29 2025	0	24070.00	0				
Mon Sep 29 2025	0	24080.00	0				
Mon Sep 29 2025	0	24090.00	0				
Mon Sep 29 2025	61	24100.00	22				
Mon Sep 29 2025	0	24110.00	0				
Mon Sep 29 2025	0	24120.00	0				
Mon Sep 29 2025	0	24130.00	1				
Mon Sep 29 2025	0	24140.00	2				
Mon Sep 29 2025	0	24150.00	12				
Mon Sep 29 2025	0	24160.00	0				
Mon Sep 29 2025	0	24170.00	0				
Mon Sep 29 2025	0	24180.00	0				
Mon Sep 29 2025	0	24190.00	0				
Mon Sep 29 2025	3	24200.00	6				
Mon Sep 29 2025	0	24210.00	1				
Mon Sep 29 2025	0	24220.00	0				
Mon Sep 29 2025	0	24230.00	0				
Mon Sep 29 2025	0	24240.00	3				
Mon Sep 29 2025	0	24250.00	13				
Mon Sep 29 2025	0	24260.00	2				
Mon Sep 29 2025	0	24270.00	2				
Mon Sep 29 2025	0	24280.00	0				
Mon Sep 29 2025	0	24290.00	0				
Mon Sep 29 2025	15	24300.00	20				
Mon Sep 29 2025	0	24310.00	1				
Mon Sep 29 2025	0	24320.00	0				
Mon Sep 29 2025	0	24330.00	1				
Mon Sep 29 2025	0	24340.00	3				
Mon Sep 29 2025	0	24350.00	2				
Mon Sep 29 2025	0	24360.00	0				
Mon Sep 29 2025	0	24370.00	1				
Mon Sep 29 2025	0	24380.00	3				
Mon Sep 29 2025	1	24390.00	3				
Mon Sep 29 2025	13	24400.00	5				
Mon Sep 29 2025	0	24410.00	3				
Mon Sep 29 2025	1	24420.00	7				
Mon Sep 29 2025	0	24430.00	0				
Mon Sep 29 2025	0	24440.00	1				
Mon Sep 29 2025	8	24450.00	7				
Mon Sep 29 2025	0	24460.00	3				
Mon Sep 29 2025	1	24470.00	0				
Mon Sep 29 2025	6	24480.00	0				
Mon Sep 29 2025	1	24490.00	7				
Mon Sep 29 2025	48	24500.00	89				
Mon Sep 29 2025	3	24510.00	1				
Mon Sep 29 2025	5	24520.00	0				
Mon Sep 29 2025	6	24530.00	0				
Mon Sep 29 2025	0	24540.00	1				
Mon Sep 29 2025	4	24550.00	11				
Mon Sep 29 2025	5	24560.00	12				
Mon Sep 29 2025	2	24570.00	15				
Mon Sep 29 2025	1	24580.00	12				
Mon Sep 29 2025	3	24590.00	13				
Mon Sep 29 2025	29	24600.00	33				
Mon Sep 29 2025	0	24610.00	1				
Mon Sep 29 2025	1	24620.00	11				
Mon Sep 29 2025	0	24630.00	0				
Mon Sep 29 2025	3	24640.00	0				
Mon Sep 29 2025	106	24650.00	1				
Mon Sep 29 2025	0	24660.00	0				
Mon Sep 29 2025	1	24670.00	1				
Mon Sep 29 2025	0	24680.00	1				
Mon Sep 29 2025	2	24690.00	3				
Mon Sep 29 2025	12	24700.00	8				
Mon Sep 29 2025	2	24710.00	4				
Mon Sep 29 2025	5	24720.00	0				
Mon Sep 29 2025	3	24730.00	3				
Mon Sep 29 2025	2	24740.00	6				
Mon Sep 29 2025	12	24750.00	0				
Mon Sep 29 2025	0	24760.00	0				
Mon Sep 29 2025	4	24770.00	2				
Mon Sep 29 2025	0	24780.00	6				
Mon Sep 29 2025	0	24790.00	6				
Mon Sep 29 2025	80	24800.00	0				
Mon Sep 29 2025	0	24810.00	0				
Mon Sep 29 2025	0	24820.00	0				
Mon Sep 29 2025	0	24830.00	0				
Mon Sep 29 2025	0	24840.00	0				
Mon Sep 29 2025	14	24850.00	2				
Mon Sep 29 2025	0	24860.00	0				
Mon Sep 29 2025	0	24870.00	0				
Mon Sep 29 2025	0	24880.00	0				
Mon Sep 29 2025	0	24890.00	0				
Mon Sep 29 2025	50	24900.00	0				
Mon Sep 29 2025	9	24910.00	0				
Mon Sep 29 2025	7	24920.00	0				
Mon Sep 29 2025	1	24930.00	0				
Mon Sep 29 2025	1	24940.00	0				
Mon Sep 29 2025	1	24950.00	0				
Mon Sep 29 2025	13	24960.00	0				
Mon Sep 29 2025	6	24970.00	0				
Mon Sep 29 2025	8	24980.00	0				
Mon Sep 29 2025	0	24990.00	0				
Mon Sep 29 2025	19	25000.00	0				
Mon Sep 29 2025	0	25010.00	0				
Mon Sep 29 2025	2	25020.00	0				
Mon Sep 29 2025	0	25030.00	0				
Mon Sep 29 2025	0	25040.00	0				
Mon Sep 29 2025	5	25050.00	0				
Mon Sep 29 2025	6	25060.00	0				
Mon Sep 29 2025	2	25070.00	0				
Mon Sep 29 2025	5	25080.00	0				
Mon Sep 29 2025	2	25090.00	0				
Mon Sep 29 2025	22	25100.00	0				
Mon Sep 29 2025	8	25110.00	0				
Mon Sep 29 2025	11	25120.00	0				
Mon Sep 29 2025	1	25130.00	0				
Mon Sep 29 2025	0	25140.00	0				
Mon Sep 29 2025	1	25150.00	0				
Mon Sep 29 2025	1	25160.00	0				
Mon Sep 29 2025	2	25170.00	0				
Mon Sep 29 2025	0	25180.00	0				
Mon Sep 29 2025	9	25190.00	0				
Mon Sep 29 2025	15	25200.00	0				
Mon Sep 29 2025	0	25210.00	0				
Mon Sep 29 2025	1	25220.00	0				
Mon Sep 29 2025	3	25230.00	0				
Mon Sep 29 2025	0	25240.00	0				
Mon Sep 29 2025	1	25250.00	0				
Mon Sep 29 2025	0	25260.00	0				
Mon Sep 29 2025	0	25270.00	0				
Mon Sep 29 2025	0	25280.00	0				
Mon Sep 29 2025	1	25290.00	0				
Mon Sep 29 2025	19	25300.00	0				
Mon Sep 29 2025	1	25310.00	0				
Mon Sep 29 2025	3	25320.00	0				
Mon Sep 29 2025	0	25330.00	0				
Mon Sep 29 2025	1	25340.00	0				
Mon Sep 29 2025	1	25350.00	0				
Mon Sep 29 2025	0	25360.00	0				
Mon Sep 29 2025	0	25370.00	0				
Mon Sep 29 2025	2	25380.00	0				
Mon Sep 29 2025	2	25390.00	0				
Mon Sep 29 2025	17	25400.00	0				
Mon Sep 29 2025	0	25410.00	0				
Mon Sep 29 2025	0	25420.00	0				
Mon Sep 29 2025	0	25430.00	0				
Mon Sep 29 2025	1	25440.00	0				
Mon Sep 29 2025	1	25450.00	0				
Mon Sep 29 2025	0	25460.00	0				
Mon Sep 29 2025	0	25470.00	0				
Mon Sep 29 2025	4	25480.00	0				
Mon Sep 29 2025	4	25490.00	0				
Mon Sep 29 2025	15	25500.00	0				
Mon Sep 29 2025	0	25510.00	0				
Mon Sep 29 2025	0	25520.00	0				
Mon Sep 29 2025	0	25530.00	0				
Mon Sep 29 2025	0	25540.00	0				
Mon Sep 29 2025	1	25550.00	0				
Mon Sep 29 2025	0	25560.00	0				
Mon Sep 29 2025	0	25570.00	0				
Mon Sep 29 2025	0	25580.00	0				
Mon Sep 29 2025	0	25590.00	0				
Mon Sep 29 2025	12	25600.00	0				
Mon Sep 29 2025	0	25610.00	0				
Mon Sep 29 2025	0	25620.00	0				
Mon Sep 29 2025	0	25630.00	0				
Mon Sep 29 2025	0	25640.00	0				
Mon Sep 29 2025	0	25650.00	0				
Mon Sep 29 2025	1	25660.00	0				
Mon Sep 29 2025	0	25670.00	0				
Mon Sep 29 2025	0	25680.00	0				
Mon Sep 29 2025	0	25690.00	0				
Mon Sep 29 2025	11	25700.00	1				
Mon Sep 29 2025	0	25710.00	0				
Mon Sep 29 2025	0	25720.00	0				
Mon Sep 29 2025	0	25730.00	0				
Mon Sep 29 2025	0	25740.00	0				
Mon Sep 29 2025	0	25750.00	0				
Mon Sep 29 2025	1	25760.00	0				
Mon Sep 29 2025	0	25770.00	0				
Mon Sep 29 2025	0	25780.00	0				
Mon Sep 29 2025	0	25790.00	0				
Mon Sep 29 2025	12	25800.00	0				
Mon Sep 29 2025	0	25810.00	0				
Mon Sep 29 2025	0	25820.00	0				
Mon Sep 29 2025	0	25830.00	0				
Mon Sep 29 2025	0	25840.00	0				
Mon Sep 29 2025	1	25850.00	0				
Mon Sep 29 2025	0	25860.00	0				
Mon Sep 29 2025	0	25870.00	0				
Mon Sep 29 2025	0	25880.00	0				
Mon Sep 29 2025	0	25890.00	0				
Mon Sep 29 2025	8	25900.00	0				
Mon Sep 29 2025	0	25910.00	0				
Mon Sep 29 2025	0	25920.00	0				
Mon Sep 29 2025	0	25930.00	0				
Mon Sep 29 2025	0	25940.00	0				
Mon Sep 29 2025	0	25950.00	0				
Mon Sep 29 2025	1	26000.00	0				
Mon Sep 29 2025	2	26100.00	0				
Mon Sep 29 2025	6	26200.00	0				
Mon Sep 29 2025	1	26300.00	0				
Mon Sep 29 2025	0	26400.00	0				
Mon Sep 29 2025	1	26500.00	0				
Mon Sep 29 2025	0	26600.00	0				
Mon Sep 29 2025	4	26700.00	0				
Mon Sep 29 2025	0	26800.00	0				
Mon Sep 29 2025	0	26900.00	0				
Mon Sep 29 2025	0	27000.00	0				
Mon Sep 29 2025	0	27100.00	0				
Mon Sep 29 2025	0	27200.00	0				
Mon Sep 29 2025	0	27300.00	0				
Mon Sep 29 2025	0	27400.00	0				
Mon Sep 29 2025	0	27500.00	0				
Mon Sep 29 2025	0	27600.00	0				
Mon Sep 29 2025	0	27700.00	0				
Mon Sep 29 2025	0	27800.00	0				
Mon Sep 29 2025	1	27900.00	0				
Mon Sep 29 2025	0	28000.00	0				
Mon Sep 29 2025	0	28100.00	0				
Mon Sep 29 2025	0	28200.00	0				
Mon Sep 29 2025	2	28300.00	0				
Mon Sep 29 2025	0	28400.00	0				
Mon Sep 29 2025	4	28500.00	0				
Mon Sep 29 2025	0	28700.00	0				
Mon Sep 29 2025	0	28800.00	0				
Mon Sep 29 2025	0	28900.00	0				
Mon Sep 29 2025	0	29000.00	0				
Mon Sep 29 2025	0	29500.00	0				
Tue Sep 30 2025	0	14000.00	6				
Tue Sep 30 2025	0	14200.00	1				
Tue Sep 30 2025	0	14400.00	0				
Tue Sep 30 2025	0	14600.00	1				
Tue Sep 30 2025	0	14800.00	1				
Tue Sep 30 2025	0	15000.00	10				
Tue Sep 30 2025	0	15200.00	3				
Tue Sep 30 2025	0	15400.00	5				
Tue Sep 30 2025	0	15500.00	11				
Tue Sep 30 2025	0	15600.00	2				
Tue Sep 30 2025	0	15800.00	6				
Tue Sep 30 2025	0	16000.00	6				
Tue Sep 30 2025	0	16100.00	8				
Tue Sep 30 2025	0	16200.00	8				
Tue Sep 30 2025	0	16300.00	11				
Tue Sep 30 2025	0	16400.00	20				
Tue Sep 30 2025	0	16500.00	53				
Tue Sep 30 2025	0	16600.00	0				
Tue Sep 30 2025	0	16700.00	5				
Tue Sep 30 2025	0	16800.00	1				
Tue Sep 30 2025	0	16900.00	1				
Tue Sep 30 2025	1	17000.00	17				
Tue Sep 30 2025	2	17100.00	10				
Tue Sep 30 2025	1	17200.00	2				
Tue Sep 30 2025	0	17300.00	2				
Tue Sep 30 2025	0	17400.00	3				
Tue Sep 30 2025	1	17500.00	39				
Tue Sep 30 2025	0	17600.00	3				
Tue Sep 30 2025	0	17700.00	3				
Tue Sep 30 2025	0	17800.00	5				
Tue Sep 30 2025	0	17900.00	7				
Tue Sep 30 2025	3	18000.00	153				
Tue Sep 30 2025	0	18100.00	28				
Tue Sep 30 2025	2	18200.00	1				
Tue Sep 30 2025	1	18300.00	3				
Tue Sep 30 2025	0	18400.00	3				
Tue Sep 30 2025	1	18500.00	8				
Tue Sep 30 2025	1	18600.00	10				
Tue Sep 30 2025	0	18700.00	7				
Tue Sep 30 2025	1	18800.00	11				
Tue Sep 30 2025	1	18900.00	23				
Tue Sep 30 2025	8	19000.00	37				
Tue Sep 30 2025	10	19100.00	10				
Tue Sep 30 2025	11	19200.00	2				
Tue Sep 30 2025	1	19300.00	27				
Tue Sep 30 2025	1	19400.00	6				
Tue Sep 30 2025	4	19500.00	11				
Tue Sep 30 2025	4	19600.00	10				
Tue Sep 30 2025	2	19700.00	16				
Tue Sep 30 2025	1	19800.00	11				
Tue Sep 30 2025	1	19900.00	34				
Tue Sep 30 2025	3	20000.00	28				
Tue Sep 30 2025	0	20025.00	5				
Tue Sep 30 2025	0	20050.00	3				
Tue Sep 30 2025	0	20075.00	0				
Tue Sep 30 2025	36	20100.00	10				
Tue Sep 30 2025	0	20125.00	1				
Tue Sep 30 2025	0	20150.00	2				
Tue Sep 30 2025	0	20175.00	3				
Tue Sep 30 2025	11	20200.00	8				
Tue Sep 30 2025	7	20225.00	0				
Tue Sep 30 2025	0	20250.00	30				
Tue Sep 30 2025	0	20275.00	0				
Tue Sep 30 2025	7	20300.00	20				
Tue Sep 30 2025	0	20325.00	444				
Tue Sep 30 2025	0	20350.00	0				
Tue Sep 30 2025	0	20375.00	0				
Tue Sep 30 2025	4	20400.00	6				
Tue Sep 30 2025	0	20425.00	0				
Tue Sep 30 2025	0	20450.00	0				
Tue Sep 30 2025	0	20475.00	0				
Tue Sep 30 2025	2	20500.00	133				
Tue Sep 30 2025	0	20525.00	444				
Tue Sep 30 2025	0	20550.00	49				
Tue Sep 30 2025	0	20575.00	1				
Tue Sep 30 2025	3	20600.00	8				
Tue Sep 30 2025	0	20625.00	0				
Tue Sep 30 2025	0	20650.00	4				
Tue Sep 30 2025	10	20675.00	2				
Tue Sep 30 2025	13	20700.00	172				
Tue Sep 30 2025	0	20725.00	3				
Tue Sep 30 2025	0	20750.00	11				
Tue Sep 30 2025	0	20775.00	2				
Tue Sep 30 2025	3	20800.00	22				
Tue Sep 30 2025	0	20825.00	1				
Tue Sep 30 2025	0	20850.00	89				
Tue Sep 30 2025	0	20875.00	2				
Tue Sep 30 2025	15	20900.00	16				
Tue Sep 30 2025	0	20925.00	1				
Tue Sep 30 2025	0	20950.00	46				
Tue Sep 30 2025	0	20975.00	12				
Tue Sep 30 2025	17	21000.00	115				
Tue Sep 30 2025	11	21025.00	4				
Tue Sep 30 2025	0	21050.00	51				
Tue Sep 30 2025	0	21075.00	1				
Tue Sep 30 2025	5	21100.00	103				
Tue Sep 30 2025	0	21125.00	3				
Tue Sep 30 2025	0	21150.00	10				
Tue Sep 30 2025	0	21175.00	10				
Tue Sep 30 2025	12	21200.00	177				
Tue Sep 30 2025	0	21225.00	1				
Tue Sep 30 2025	0	21250.00	10				
Tue Sep 30 2025	0	21275.00	1				
Tue Sep 30 2025	6	21300.00	134				
Tue Sep 30 2025	0	21325.00	28				
Tue Sep 30 2025	2	21350.00	88				
Tue Sep 30 2025	2	21375.00	3				
Tue Sep 30 2025	3	21400.00	7				
Tue Sep 30 2025	0	21425.00	0				
Tue Sep 30 2025	0	21450.00	38				
Tue Sep 30 2025	0	21475.00	3				
Tue Sep 30 2025	35	21500.00	74				
Tue Sep 30 2025	0	21525.00	6				
Tue Sep 30 2025	0	21550.00	1				
Tue Sep 30 2025	0	21575.00	33				
Tue Sep 30 2025	2	21600.00	98				
Tue Sep 30 2025	0	21625.00	0				
Tue Sep 30 2025	0	21650.00	0				
Tue Sep 30 2025	0	21675.00	10				
Tue Sep 30 2025	4	21700.00	57				
Tue Sep 30 2025	0	21725.00	10				
Tue Sep 30 2025	0	21750.00	2				
Tue Sep 30 2025	0	21775.00	0				
Tue Sep 30 2025	18	21800.00	124				
Tue Sep 30 2025	0	21825.00	31				
Tue Sep 30 2025	3	21850.00	6				
Tue Sep 30 2025	0	21875.00	0				
Tue Sep 30 2025	21	21900.00	63				
Tue Sep 30 2025	0	21925.00	0				
Tue Sep 30 2025	0	21950.00	2				
Tue Sep 30 2025	1	21975.00	2				
Tue Sep 30 2025	35	22000.00	157				
Tue Sep 30 2025	2	22025.00	2				
Tue Sep 30 2025	0	22050.00	2				
Tue Sep 30 2025	1	22075.00	0				
Tue Sep 30 2025	5	22100.00	10				
Tue Sep 30 2025	0	22125.00	1				
Tue Sep 30 2025	0	22150.00	1				
Tue Sep 30 2025	0	22175.00	33				
Tue Sep 30 2025	5	22200.00	91				
Tue Sep 30 2025	0	22225.00	0				
Tue Sep 30 2025	0	22250.00	0				
Tue Sep 30 2025	0	22275.00	1				
Tue Sep 30 2025	11	22300.00	3				
Tue Sep 30 2025	0	22325.00	1				
Tue Sep 30 2025	0	22350.00	2				
Tue Sep 30 2025	0	22375.00	1				
Tue Sep 30 2025	14	22400.00	62				
Tue Sep 30 2025	0	22425.00	5				
Tue Sep 30 2025	0	22450.00	2				
Tue Sep 30 2025	0	22475.00	4				
Tue Sep 30 2025	13	22500.00	65				
Tue Sep 30 2025	0	22525.00	4				
Tue Sep 30 2025	0	22550.00	7				
Tue Sep 30 2025	65	22575.00	5				
Tue Sep 30 2025	76	22600.00	9				
Tue Sep 30 2025	3	22625.00	3				
Tue Sep 30 2025	5	22650.00	18				
Tue Sep 30 2025	2	22675.00	9				
Tue Sep 30 2025	12	22700.00	14				
Tue Sep 30 2025	2	22725.00	2				
Tue Sep 30 2025	1	22750.00	49				
Tue Sep 30 2025	1	22775.00	7				
Tue Sep 30 2025	10	22800.00	40				
Tue Sep 30 2025	0	22825.00	6				
Tue Sep 30 2025	0	22850.00	6				
Tue Sep 30 2025	1	22875.00	5				
Tue Sep 30 2025	9	22900.00	10				
Tue Sep 30 2025	0	22925.00	3				
Tue Sep 30 2025	0	22950.00	3				
Tue Sep 30 2025	0	22975.00	8				
Tue Sep 30 2025	17	23000.00	92				
Tue Sep 30 2025	2	23025.00	9				
Tue Sep 30 2025	2	23050.00	12				
Tue Sep 30 2025	0	23075.00	12				
Tue Sep 30 2025	13	23100.00	13				
Tue Sep 30 2025	0	23125.00	74				
Tue Sep 30 2025	1	23150.00	2				
Tue Sep 30 2025	0	23160.00	0				
Tue Sep 30 2025	0	23170.00	0				
Tue Sep 30 2025	3	23175.00	5				
Tue Sep 30 2025	0	23180.00	0				
Tue Sep 30 2025	0	23190.00	0				
Tue Sep 30 2025	27	23200.00	31				
Tue Sep 30 2025	0	23210.00	0				
Tue Sep 30 2025	0	23220.00	0				
Tue Sep 30 2025	0	23225.00	11				
Tue Sep 30 2025	0	23230.00	0				
Tue Sep 30 2025	0	23240.00	0				
Tue Sep 30 2025	1	23250.00	17				
Tue Sep 30 2025	0	23260.00	0				
Tue Sep 30 2025	0	23270.00	0				
Tue Sep 30 2025	1	23275.00	5				
Tue Sep 30 2025	0	23280.00	0				
Tue Sep 30 2025	0	23290.00	0				
Tue Sep 30 2025	6	23300.00	45				
Tue Sep 30 2025	0	23310.00	0				
Tue Sep 30 2025	0	23320.00	0				
Tue Sep 30 2025	5	23325.00	16				
Tue Sep 30 2025	0	23330.00	0				
Tue Sep 30 2025	0	23340.00	0				
Tue Sep 30 2025	2	23350.00	34				
Tue Sep 30 2025	0	23360.00	0				
Tue Sep 30 2025	0	23370.00	0				
Tue Sep 30 2025	1	23375.00	5				
Tue Sep 30 2025	0	23380.00	0				
Tue Sep 30 2025	0	23390.00	0				
Tue Sep 30 2025	4	23400.00	14				
Tue Sep 30 2025	0	23410.00	0				
Tue Sep 30 2025	0	23420.00	0				
Tue Sep 30 2025	21	23425.00	14				
Tue Sep 30 2025	0	23430.00	0				
Tue Sep 30 2025	0	23440.00	0				
Tue Sep 30 2025	9	23450.00	10				
Tue Sep 30 2025	0	23460.00	0				
Tue Sep 30 2025	0	23470.00	0				
Tue Sep 30 2025	5	23475.00	5				
Tue Sep 30 2025	0	23480.00	0				
Tue Sep 30 2025	0	23490.00	0				
Tue Sep 30 2025	15	23500.00	32				
Tue Sep 30 2025	0	23510.00	0				
Tue Sep 30 2025	0	23520.00	0				
Tue Sep 30 2025	3	23525.00	6				
Tue Sep 30 2025	0	23530.00	0				
Tue Sep 30 2025	0	23540.00	0				
Tue Sep 30 2025	8	23550.00	28				
Tue Sep 30 2025	0	23560.00	0				
Tue Sep 30 2025	0	23570.00	0				
Tue Sep 30 2025	13	23575.00	2				
Tue Sep 30 2025	0	23580.00	0				
Tue Sep 30 2025	0	23590.00	0				
Tue Sep 30 2025	15	23600.00	12				
Tue Sep 30 2025	0	23610.00	0				
Tue Sep 30 2025	0	23620.00	0				
Tue Sep 30 2025	5	23625.00	9				
Tue Sep 30 2025	0	23630.00	0				
Tue Sep 30 2025	0	23640.00	0				
Tue Sep 30 2025	2	23650.00	2				
Tue Sep 30 2025	0	23660.00	0				
Tue Sep 30 2025	0	23670.00	0				
Tue Sep 30 2025	4	23675.00	13				
Tue Sep 30 2025	0	23680.00	0				
Tue Sep 30 2025	0	23690.00	0				
Tue Sep 30 2025	46	23700.00	25				
Tue Sep 30 2025	0	23710.00	0				
Tue Sep 30 2025	0	23720.00	0				
Tue Sep 30 2025	23	23725.00	5				
Tue Sep 30 2025	0	23730.00	0				
Tue Sep 30 2025	0	23740.00	0				
Tue Sep 30 2025	3	23750.00	20				
Tue Sep 30 2025	0	23760.00	0				
Tue Sep 30 2025	0	23770.00	0				
Tue Sep 30 2025	3	23775.00	0				
Tue Sep 30 2025	0	23780.00	0				
Tue Sep 30 2025	0	23790.00	0				
Tue Sep 30 2025	13	23800.00	17				
Tue Sep 30 2025	0	23810.00	0				
Tue Sep 30 2025	0	23820.00	0				
Tue Sep 30 2025	16	23825.00	10				
Tue Sep 30 2025	0	23830.00	0				
Tue Sep 30 2025	1	23840.00	0				
Tue Sep 30 2025	12	23850.00	30				
Tue Sep 30 2025	0	23860.00	4				
Tue Sep 30 2025	0	23870.00	0				
Tue Sep 30 2025	6	23875.00	11				
Tue Sep 30 2025	0	23880.00	0				
Tue Sep 30 2025	0	23890.00	0				
Tue Sep 30 2025	10	23900.00	29				
Tue Sep 30 2025	0	23910.00	0				
Tue Sep 30 2025	0	23920.00	0				
Tue Sep 30 2025	13	23925.00	27				
Tue Sep 30 2025	0	23930.00	0				
Tue Sep 30 2025	0	23940.00	0				
Tue Sep 30 2025	11	23950.00	19				
Tue Sep 30 2025	0	23960.00	0				
Tue Sep 30 2025	0	23970.00	0				
Tue Sep 30 2025	32	23975.00	18				
Tue Sep 30 2025	0	23980.00	1				
Tue Sep 30 2025	0	23990.00	0				
Tue Sep 30 2025	64	24000.00	73				
Tue Sep 30 2025	0	24010.00	0				
Tue Sep 30 2025	0	24020.00	0				
Tue Sep 30 2025	0	24030.00	1				
Tue Sep 30 2025	0	24040.00	0				
Tue Sep 30 2025	0	24050.00	1				
Tue Sep 30 2025	0	24060.00	0				
Tue Sep 30 2025	0	24070.00	0				
Tue Sep 30 2025	0	24080.00	0				
Tue Sep 30 2025	0	24090.00	1				
Tue Sep 30 2025	71	24100.00	13				
Tue Sep 30 2025	0	24110.00	0				
Tue Sep 30 2025	0	24120.00	0				
Tue Sep 30 2025	0	24130.00	0				
Tue Sep 30 2025	0	24140.00	1				
Tue Sep 30 2025	0	24150.00	4				
Tue Sep 30 2025	0	24160.00	0				
Tue Sep 30 2025	0	24170.00	0				
Tue Sep 30 2025	0	24180.00	2				
Tue Sep 30 2025	0	24190.00	0				
Tue Sep 30 2025	16	24200.00	8				
Tue Sep 30 2025	1	24210.00	0				
Tue Sep 30 2025	0	24220.00	0				
Tue Sep 30 2025	0	24230.00	0				
Tue Sep 30 2025	0	24240.00	0				
Tue Sep 30 2025	0	24250.00	0				
Tue Sep 30 2025	0	24260.00	0				
Tue Sep 30 2025	0	24270.00	1				
Tue Sep 30 2025	0	24280.00	0				
Tue Sep 30 2025	0	24290.00	1				
Tue Sep 30 2025	46	24300.00	11				
Tue Sep 30 2025	0	24310.00	5				
Tue Sep 30 2025	0	24320.00	1				
Tue Sep 30 2025	0	24330.00	1				
Tue Sep 30 2025	0	24340.00	0				
Tue Sep 30 2025	0	24350.00	0				
Tue Sep 30 2025	0	24360.00	0				
Tue Sep 30 2025	0	24370.00	0				
Tue Sep 30 2025	0	24380.00	0				
Tue Sep 30 2025	0	24390.00	2				
Tue Sep 30 2025	25	24400.00	48				
Tue Sep 30 2025	0	24410.00	0				
Tue Sep 30 2025	0	24420.00	0				
Tue Sep 30 2025	0	24430.00	4				
Tue Sep 30 2025	0	24440.00	5				
Tue Sep 30 2025	0	24450.00	0				
Tue Sep 30 2025	0	24460.00	0				
Tue Sep 30 2025	0	24470.00	0				
Tue Sep 30 2025	0	24480.00	14				
Tue Sep 30 2025	0	24490.00	2				
Tue Sep 30 2025	113	24500.00	37				
Tue Sep 30 2025	0	24510.00	0				
Tue Sep 30 2025	0	24520.00	0				
Tue Sep 30 2025	0	24530.00	3				
Tue Sep 30 2025	0	24540.00	3				
Tue Sep 30 2025	1	24550.00	2				
Tue Sep 30 2025	0	24560.00	0				
Tue Sep 30 2025	0	24570.00	7				
Tue Sep 30 2025	0	24580.00	2				
Tue Sep 30 2025	0	24590.00	5				
Tue Sep 30 2025	33	24600.00	13				
Tue Sep 30 2025	0	24610.00	0				
Tue Sep 30 2025	0	24620.00	0				
Tue Sep 30 2025	1	24630.00	0				
Tue Sep 30 2025	0	24640.00	0				
Tue Sep 30 2025	445	24650.00	0				
Tue Sep 30 2025	0	24660.00	0				
Tue Sep 30 2025	0	24670.00	0				
Tue Sep 30 2025	0	24680.00	0				
Tue Sep 30 2025	0	24690.00	0				
Tue Sep 30 2025	21	24700.00	14				
Tue Sep 30 2025	2	24710.00	0				
Tue Sep 30 2025	0	24720.00	0				
Tue Sep 30 2025	1	24730.00	0				
Tue Sep 30 2025	1	24740.00	0				
Tue Sep 30 2025	1	24750.00	0				
Tue Sep 30 2025	0	24760.00	0				
Tue Sep 30 2025	3	24770.00	0				
Tue Sep 30 2025	0	24780.00	0				
Tue Sep 30 2025	1	24790.00	0				
Tue Sep 30 2025	38	24800.00	6				
Tue Sep 30 2025	0	24810.00	0				
Tue Sep 30 2025	0	24820.00	0				
Tue Sep 30 2025	0	24830.00	0				
Tue Sep 30 2025	0	24840.00	0				
Tue Sep 30 2025	0	24850.00	1				
Tue Sep 30 2025	0	24860.00	0				
Tue Sep 30 2025	0	24870.00	0				
Tue Sep 30 2025	0	24880.00	0				
Tue Sep 30 2025	0	24890.00	0				
Tue Sep 30 2025	23	24900.00	1				
Tue Sep 30 2025	0	24910.00	0				
Tue Sep 30 2025	0	24920.00	0				
Tue Sep 30 2025	0	24930.00	0				
Tue Sep 30 2025	0	24940.00	0				
Tue Sep 30 2025	2	24950.00	0				
Tue Sep 30 2025	0	24960.00	0				
Tue Sep 30 2025	1	24970.00	0				
Tue Sep 30 2025	0	24980.00	0				
Tue Sep 30 2025	0	24990.00	0				
Tue Sep 30 2025	131	25000.00	16				
Tue Sep 30 2025	0	25010.00	0				
Tue Sep 30 2025	9	25020.00	0				
Tue Sep 30 2025	0	25030.00	0				
Tue Sep 30 2025	0	25040.00	0				
Tue Sep 30 2025	1	25050.00	0				
Tue Sep 30 2025	6	25060.00	0				
Tue Sep 30 2025	0	25070.00	0				
Tue Sep 30 2025	0	25080.00	0				
Tue Sep 30 2025	0	25090.00	0				
Tue Sep 30 2025	41	25100.00	15				
Tue Sep 30 2025	0	25110.00	0				
Tue Sep 30 2025	1	25120.00	0				
Tue Sep 30 2025	0	25130.00	0				
Tue Sep 30 2025	0	25140.00	0				
Tue Sep 30 2025	0	25150.00	0				
Tue Sep 30 2025	0	25160.00	0				
Tue Sep 30 2025	6	25170.00	0				
Tue Sep 30 2025	3	25180.00	0				
Tue Sep 30 2025	1	25190.00	0				
Tue Sep 30 2025	34	25200.00	0				
Tue Sep 30 2025	5	25210.00	0				
Tue Sep 30 2025	2	25220.00	0				
Tue Sep 30 2025	0	25230.00	0				
Tue Sep 30 2025	1	25240.00	0				
Tue Sep 30 2025	1	25250.00	0				
Tue Sep 30 2025	0	25260.00	0				
Tue Sep 30 2025	0	25270.00	0				
Tue Sep 30 2025	0	25280.00	0				
Tue Sep 30 2025	2	25290.00	0				
Tue Sep 30 2025	32	25300.00	1				
Tue Sep 30 2025	0	25310.00	0				
Tue Sep 30 2025	1	25320.00	0				
Tue Sep 30 2025	1	25330.00	0				
Tue Sep 30 2025	0	25340.00	0				
Tue Sep 30 2025	1	25350.00	0				
Tue Sep 30 2025	0	25360.00	0				
Tue Sep 30 2025	4	25370.00	0				
Tue Sep 30 2025	5	25380.00	0				
Tue Sep 30 2025	0	25390.00	0				
Tue Sep 30 2025	20	25400.00	0				
Tue Sep 30 2025	0	25410.00	0				
Tue Sep 30 2025	0	25420.00	0				
Tue Sep 30 2025	0	25430.00	0				
Tue Sep 30 2025	1	25440.00	0				
Tue Sep 30 2025	0	25450.00	0				
Tue Sep 30 2025	0	25460.00	0				
Tue Sep 30 2025	0	25470.00	0				
Tue Sep 30 2025	0	25480.00	0				
Tue Sep 30 2025	0	25490.00	0				
Tue Sep 30 2025	41	25500.00	0				
Tue Sep 30 2025	0	25510.00	0				
Tue Sep 30 2025	0	25520.00	0				
Tue Sep 30 2025	0	25530.00	0				
Tue Sep 30 2025	0	25540.00	0				
Tue Sep 30 2025	1	25550.00	0				
Tue Sep 30 2025	0	25560.00	0				
Tue Sep 30 2025	0	25570.00	0				
Tue Sep 30 2025	0	25580.00	0				
Tue Sep 30 2025	0	25590.00	0				
Tue Sep 30 2025	25	25600.00	0				
Tue Sep 30 2025	0	25610.00	0				
Tue Sep 30 2025	0	25620.00	0				
Tue Sep 30 2025	0	25630.00	0				
Tue Sep 30 2025	0	25640.00	0				
Tue Sep 30 2025	1	25650.00	0				
Tue Sep 30 2025	0	25660.00	0				
Tue Sep 30 2025	0	25670.00	0				
Tue Sep 30 2025	0	25680.00	0				
Tue Sep 30 2025	0	25690.00	0				
Tue Sep 30 2025	15	25700.00	0				
Tue Sep 30 2025	0	25710.00	0				
Tue Sep 30 2025	0	25720.00	0				
Tue Sep 30 2025	0	25730.00	0				
Tue Sep 30 2025	0	25740.00	0				
Tue Sep 30 2025	0	25750.00	0				
Tue Sep 30 2025	0	25760.00	0				
Tue Sep 30 2025	0	25770.00	0				
Tue Sep 30 2025	0	25780.00	0				
Tue Sep 30 2025	0	25790.00	0				
Tue Sep 30 2025	4	25800.00	0				
Tue Sep 30 2025	0	25810.00	0				
Tue Sep 30 2025	0	25820.00	0				
Tue Sep 30 2025	0	25830.00	0				
Tue Sep 30 2025	0	25840.00	0				
Tue Sep 30 2025	0	25850.00	0				
Tue Sep 30 2025	0	25860.00	0				
Tue Sep 30 2025	0	25870.00	0				
Tue Sep 30 2025	0	25880.00	0				
Tue Sep 30 2025	0	25890.00	0				
Tue Sep 30 2025	14	25900.00	0				
Tue Sep 30 2025	0	25910.00	0				
Tue Sep 30 2025	0	25920.00	0				
Tue Sep 30 2025	0	25930.00	0				
Tue Sep 30 2025	0	25940.00	0				
Tue Sep 30 2025	0	25950.00	0				
Tue Sep 30 2025	22	26000.00	0				
Tue Sep 30 2025	8	26100.00	0				
Tue Sep 30 2025	3	26200.00	0				
Tue Sep 30 2025	1	26300.00	0				
Tue Sep 30 2025	0	26400.00	0				
Tue Sep 30 2025	1	26500.00	0				
Tue Sep 30 2025	0	26600.00	0				
Tue Sep 30 2025	0	26700.00	0				
Tue Sep 30 2025	0	26800.00	0				
Tue Sep 30 2025	1	26900.00	0				
Tue Sep 30 2025	15	27000.00	0				
Tue Sep 30 2025	0	27100.00	0				
Tue Sep 30 2025	0	27200.00	0				
Tue Sep 30 2025	0	27300.00	0				
Tue Sep 30 2025	0	27400.00	0				
Tue Sep 30 2025	76	27500.00	0				
Tue Sep 30 2025	0	27600.00	0				
Tue Sep 30 2025	0	27700.00	0				
Tue Sep 30 2025	0	27800.00	0				
Tue Sep 30 2025	0	27900.00	0				
Tue Sep 30 2025	153	28000.00	0				
Tue Sep 30 2025	0	28100.00	0				
Tue Sep 30 2025	0	28200.00	0				
Tue Sep 30 2025	0	28300.00	0				
Tue Sep 30 2025	0	28400.00	0				
Tue Sep 30 2025	8	28500.00	0				
Tue Sep 30 2025	0	28700.00	0				
Tue Sep 30 2025	0	28800.00	0				
Tue Sep 30 2025	0	28900.00	0				
Tue Sep 30 2025	0	29000.00	0				
Tue Sep 30 2025	0	29500.00	0				