Mon Oct 13 2025	15	500.00	310
Mon Oct 13 2025	0	505.00	42
Mon Oct 13 2025	0	510.00	24
Mon Oct 13 2025	0	515.00	459
Mon Oct 13 2025	0	520.00	453
Mon Oct 13 2025	0	525.00	531
Mon Oct 13 2025	0	530.00	203
Mon Oct 13 2025	0	535.00	74
Mon Oct 13 2025	0	540.00	163
Mon Oct 13 2025	0	545.00	48
Mon Oct 13 2025	0	550.00	516
Mon Oct 13 2025	0	555.00	1214
Mon Oct 13 2025	0	560.00	799
Mon Oct 13 2025	0	565.00	656
Mon Oct 13 2025	0	570.00	642
Mon Oct 13 2025	0	575.00	316
Mon Oct 13 2025	0	580.00	443
Mon Oct 13 2025	1	585.00	882
Mon Oct 13 2025	1	590.00	4630
Mon Oct 13 2025	1	595.00	822
Mon Oct 13 2025	30	600.00	1874
Mon Oct 13 2025	0	601.00	821
Mon Oct 13 2025	0	602.00	1384
Mon Oct 13 2025	0	603.00	3205
Mon Oct 13 2025	9	604.00	2208
Mon Oct 13 2025	1	605.00	1493
Mon Oct 13 2025	0	606.00	1995
Mon Oct 13 2025	0	607.00	1209
Mon Oct 13 2025	0	608.00	1130
Mon Oct 13 2025	5	609.00	1502
Mon Oct 13 2025	90	610.00	2478
Mon Oct 13 2025	4	611.00	1229
Mon Oct 13 2025	2	612.00	1222
Mon Oct 13 2025	0	613.00	967
Mon Oct 13 2025	9	614.00	2363
Mon Oct 13 2025	2	615.00	1663
Mon Oct 13 2025	2	616.00	1476
Mon Oct 13 2025	0	617.00	692
Mon Oct 13 2025	0	618.00	2906
Mon Oct 13 2025	0	619.00	3490
Mon Oct 13 2025	80	620.00	1199
Mon Oct 13 2025	0	621.00	20320
Mon Oct 13 2025	0	622.00	1278
Mon Oct 13 2025	9	623.00	1289
Mon Oct 13 2025	0	624.00	804
Mon Oct 13 2025	1	625.00	2487
Mon Oct 13 2025	0	626.00	2706
Mon Oct 13 2025	10	627.00	3894
Mon Oct 13 2025	0	628.00	1807
Mon Oct 13 2025	8	629.00	1211
Mon Oct 13 2025	102	630.00	3436
Mon Oct 13 2025	13	631.00	1507
Mon Oct 13 2025	0	632.00	2405
Mon Oct 13 2025	3	633.00	3774
Mon Oct 13 2025	58	634.00	1170
Mon Oct 13 2025	12	635.00	3352
Mon Oct 13 2025	1	636.00	1176
Mon Oct 13 2025	0	637.00	1954
Mon Oct 13 2025	5	638.00	2026
Mon Oct 13 2025	18	639.00	2562
Mon Oct 13 2025	97	640.00	4249
Mon Oct 13 2025	11	641.00	2847
Mon Oct 13 2025	29	642.00	1702
Mon Oct 13 2025	42	643.00	2485
Mon Oct 13 2025	156	644.00	2797
Mon Oct 13 2025	77	645.00	48758
Mon Oct 13 2025	117	646.00	3086
Mon Oct 13 2025	182	647.00	7252
Mon Oct 13 2025	75	648.00	3648
Mon Oct 13 2025	28	649.00	12700
Mon Oct 13 2025	632	650.00	14428
Mon Oct 13 2025	314	651.00	23390
Mon Oct 13 2025	681	652.00	10279
Mon Oct 13 2025	1278	653.00	5115
Mon Oct 13 2025	2524	654.00	19715
Mon Oct 13 2025	4138	655.00	56269
Mon Oct 13 2025	3788	656.00	6700
Mon Oct 13 2025	3841	657.00	7881
Mon Oct 13 2025	3751	658.00	24322
Mon Oct 13 2025	4702	659.00	4381
Mon Oct 13 2025	14367	660.00	8131
Mon Oct 13 2025	7207	661.00	5709
Mon Oct 13 2025	9591	662.00	3447
Mon Oct 13 2025	8315	663.00	3488
Mon Oct 13 2025	7279	664.00	2955
Mon Oct 13 2025	10171	665.00	2735
Mon Oct 13 2025	7250	666.00	6149
Mon Oct 13 2025	7772	667.00	7425
Mon Oct 13 2025	7699	668.00	5330
Mon Oct 13 2025	6715	669.00	4283
Mon Oct 13 2025	20693	670.00	7163
Mon Oct 13 2025	7033	671.00	3208
Mon Oct 13 2025	14629	672.00	3688
Mon Oct 13 2025	11930	673.00	4500
Mon Oct 13 2025	7519	674.00	2547
Mon Oct 13 2025	9592	675.00	1200
Mon Oct 13 2025	6779	676.00	329
Mon Oct 13 2025	5271	677.00	245
Mon Oct 13 2025	5418	678.00	492
Mon Oct 13 2025	3145	679.00	82
Mon Oct 13 2025	6732	680.00	31
Mon Oct 13 2025	7638	681.00	51
Mon Oct 13 2025	2102	682.00	7
Mon Oct 13 2025	1155	683.00	1
Mon Oct 13 2025	1592	684.00	30
Mon Oct 13 2025	4088	685.00	494
Mon Oct 13 2025	1344	686.00	1
Mon Oct 13 2025	536	687.00	0
Mon Oct 13 2025	312	688.00	0
Mon Oct 13 2025	409	689.00	0
Mon Oct 13 2025	1150	690.00	1
Mon Oct 13 2025	1450	695.00	0
Mon Oct 13 2025	318	700.00	1
Mon Oct 13 2025	128	705.00	0
Mon Oct 13 2025	133	710.00	0
Mon Oct 13 2025	42	715.00	0
Mon Oct 13 2025	61	720.00	0
Mon Oct 13 2025	8	725.00	0
Mon Oct 13 2025	9	730.00	0
Mon Oct 13 2025	0	735.00	0
Mon Oct 13 2025	2806	740.00	0
Mon Oct 13 2025	10	745.00	0
Mon Oct 13 2025	2	750.00	0
Mon Oct 13 2025	0	755.00	0
Mon Oct 13 2025	0	760.00	0
Mon Oct 13 2025	0	765.00	1
Mon Oct 13 2025	0	770.00	0
Tue Oct 14 2025	0	500.00	224
Tue Oct 14 2025	0	505.00	184
Tue Oct 14 2025	0	510.00	1
Tue Oct 14 2025	0	515.00	335
Tue Oct 14 2025	0	520.00	409
Tue Oct 14 2025	0	525.00	365
Tue Oct 14 2025	0	530.00	205
Tue Oct 14 2025	0	535.00	309
Tue Oct 14 2025	0	540.00	90
Tue Oct 14 2025	0	545.00	382
Tue Oct 14 2025	0	550.00	164
Tue Oct 14 2025	0	555.00	105
Tue Oct 14 2025	0	560.00	32
Tue Oct 14 2025	0	565.00	40
Tue Oct 14 2025	1	570.00	330
Tue Oct 14 2025	0	575.00	186
Tue Oct 14 2025	0	580.00	394
Tue Oct 14 2025	0	585.00	589
Tue Oct 14 2025	0	590.00	533
Tue Oct 14 2025	0	595.00	5342
Tue Oct 14 2025	6	600.00	390
Tue Oct 14 2025	0	601.00	425
Tue Oct 14 2025	13	602.00	181
Tue Oct 14 2025	0	603.00	321
Tue Oct 14 2025	0	604.00	570
Tue Oct 14 2025	0	605.00	1079
Tue Oct 14 2025	0	606.00	248
Tue Oct 14 2025	0	607.00	15
Tue Oct 14 2025	0	608.00	335
Tue Oct 14 2025	34	609.00	34
Tue Oct 14 2025	17	610.00	525
Tue Oct 14 2025	0	611.00	83
Tue Oct 14 2025	0	612.00	121
Tue Oct 14 2025	0	613.00	48
Tue Oct 14 2025	1	614.00	219
Tue Oct 14 2025	3	615.00	186
Tue Oct 14 2025	0	616.00	246
Tue Oct 14 2025	0	617.00	945
Tue Oct 14 2025	0	618.00	344
Tue Oct 14 2025	0	619.00	72
Tue Oct 14 2025	4	620.00	560
Tue Oct 14 2025	0	621.00	369
Tue Oct 14 2025	0	622.00	422
Tue Oct 14 2025	0	623.00	475
Tue Oct 14 2025	0	624.00	202
Tue Oct 14 2025	1	625.00	520
Tue Oct 14 2025	0	626.00	342
Tue Oct 14 2025	1	627.00	591
Tue Oct 14 2025	2	628.00	307
Tue Oct 14 2025	7	629.00	114
Tue Oct 14 2025	2	630.00	3015
Tue Oct 14 2025	0	631.00	270
Tue Oct 14 2025	4	632.00	283
Tue Oct 14 2025	0	633.00	293
Tue Oct 14 2025	8	634.00	545
Tue Oct 14 2025	5	635.00	993
Tue Oct 14 2025	11	636.00	318
Tue Oct 14 2025	10	637.00	2104
Tue Oct 14 2025	39	638.00	2078
Tue Oct 14 2025	31	639.00	585
Tue Oct 14 2025	70	640.00	1490
Tue Oct 14 2025	55	641.00	1533
Tue Oct 14 2025	51	642.00	1153
Tue Oct 14 2025	26	643.00	814
Tue Oct 14 2025	34	644.00	615
Tue Oct 14 2025	69	645.00	2393
Tue Oct 14 2025	83	646.00	2048
Tue Oct 14 2025	59	647.00	1963
Tue Oct 14 2025	59	648.00	562
Tue Oct 14 2025	64	649.00	1327
Tue Oct 14 2025	258	650.00	2489
Tue Oct 14 2025	130	651.00	1373
Tue Oct 14 2025	366	652.00	3602
Tue Oct 14 2025	428	653.00	580
Tue Oct 14 2025	645	654.00	1986
Tue Oct 14 2025	1142	655.00	2952
Tue Oct 14 2025	847	656.00	908
Tue Oct 14 2025	1016	657.00	12836
Tue Oct 14 2025	987	658.00	2621
Tue Oct 14 2025	1069	659.00	1517
Tue Oct 14 2025	2638	660.00	3431
Tue Oct 14 2025	1186	661.00	796
Tue Oct 14 2025	1858	662.00	12453
Tue Oct 14 2025	2065	663.00	2023
Tue Oct 14 2025	1580	664.00	3455
Tue Oct 14 2025	2437	665.00	2222
Tue Oct 14 2025	1592	666.00	1278
Tue Oct 14 2025	2491	667.00	814
Tue Oct 14 2025	3109	668.00	1408
Tue Oct 14 2025	2506	669.00	1281
Tue Oct 14 2025	5384	670.00	893
Tue Oct 14 2025	2303	671.00	1162
Tue Oct 14 2025	4094	672.00	1324
Tue Oct 14 2025	3137	673.00	1064
Tue Oct 14 2025	2742	674.00	311
Tue Oct 14 2025	4136	675.00	576
Tue Oct 14 2025	1261	676.00	68
Tue Oct 14 2025	2173	677.00	220
Tue Oct 14 2025	1817	678.00	139
Tue Oct 14 2025	1041	679.00	30
Tue Oct 14 2025	3169	680.00	35
Tue Oct 14 2025	842	681.00	2
Tue Oct 14 2025	1127	682.00	27
Tue Oct 14 2025	2305	683.00	2
Tue Oct 14 2025	2366	684.00	7
Tue Oct 14 2025	1000	685.00	2
Tue Oct 14 2025	1362	686.00	0
Tue Oct 14 2025	290	687.00	14
Tue Oct 14 2025	2046	688.00	0
Tue Oct 14 2025	1596	689.00	0
Tue Oct 14 2025	614	690.00	8
Tue Oct 14 2025	3418	695.00	0
Tue Oct 14 2025	395	700.00	0
Tue Oct 14 2025	4163	705.00	0
Tue Oct 14 2025	307	710.00	0
Tue Oct 14 2025	141	715.00	0
Tue Oct 14 2025	33	720.00	0
Tue Oct 14 2025	5	725.00	0
Tue Oct 14 2025	2	730.00	0
Tue Oct 14 2025	1	735.00	0
Tue Oct 14 2025	0	740.00	0
Tue Oct 14 2025	0	745.00	0
Tue Oct 14 2025	4	750.00	0
Tue Oct 14 2025	0	755.00	0
Tue Oct 14 2025	0	760.00	0
Tue Oct 14 2025	0	765.00	0
Tue Oct 14 2025	0	770.00	0
Wed Oct 15 2025	0	500.00	75
Wed Oct 15 2025	0	505.00	5
Wed Oct 15 2025	0	510.00	19
Wed Oct 15 2025	0	515.00	26
Wed Oct 15 2025	0	520.00	345
Wed Oct 15 2025	0	525.00	477
Wed Oct 15 2025	0	530.00	243
Wed Oct 15 2025	0	535.00	46
Wed Oct 15 2025	0	540.00	355
Wed Oct 15 2025	0	545.00	79
Wed Oct 15 2025	0	550.00	135
Wed Oct 15 2025	0	555.00	80
Wed Oct 15 2025	0	560.00	61
Wed Oct 15 2025	0	565.00	201
Wed Oct 15 2025	0	570.00	85
Wed Oct 15 2025	0	575.00	51
Wed Oct 15 2025	0	580.00	310
Wed Oct 15 2025	0	585.00	250
Wed Oct 15 2025	0	590.00	450
Wed Oct 15 2025	0	595.00	297
Wed Oct 15 2025	1	600.00	1291
Wed Oct 15 2025	0	601.00	200
Wed Oct 15 2025	0	602.00	487
Wed Oct 15 2025	0	603.00	221
Wed Oct 15 2025	0	604.00	103
Wed Oct 15 2025	0	605.00	298
Wed Oct 15 2025	0	606.00	488
Wed Oct 15 2025	0	607.00	119
Wed Oct 15 2025	0	608.00	173
Wed Oct 15 2025	0	609.00	194
Wed Oct 15 2025	0	610.00	173
Wed Oct 15 2025	0	611.00	49
Wed Oct 15 2025	0	612.00	535
Wed Oct 15 2025	0	613.00	83
Wed Oct 15 2025	2	614.00	348
Wed Oct 15 2025	0	615.00	214
Wed Oct 15 2025	0	616.00	21
Wed Oct 15 2025	0	617.00	219
Wed Oct 15 2025	0	618.00	114
Wed Oct 15 2025	0	619.00	131
Wed Oct 15 2025	1	620.00	484
Wed Oct 15 2025	0	621.00	236
Wed Oct 15 2025	0	622.00	63
Wed Oct 15 2025	0	623.00	175
Wed Oct 15 2025	0	624.00	680
Wed Oct 15 2025	0	625.00	952
Wed Oct 15 2025	0	626.00	331
Wed Oct 15 2025	1	627.00	14772
Wed Oct 15 2025	7	628.00	180
Wed Oct 15 2025	0	629.00	196
Wed Oct 15 2025	30	630.00	544
Wed Oct 15 2025	16	631.00	702
Wed Oct 15 2025	0	632.00	411
Wed Oct 15 2025	6	633.00	985
Wed Oct 15 2025	25	634.00	661
Wed Oct 15 2025	42	635.00	1201
Wed Oct 15 2025	12	636.00	186
Wed Oct 15 2025	23	637.00	187
Wed Oct 15 2025	19	638.00	855
Wed Oct 15 2025	19	639.00	984
Wed Oct 15 2025	8	640.00	1628
Wed Oct 15 2025	8	641.00	991
Wed Oct 15 2025	12	642.00	399
Wed Oct 15 2025	31	643.00	1547
Wed Oct 15 2025	39	644.00	2006
Wed Oct 15 2025	33	645.00	1626
Wed Oct 15 2025	40	646.00	242
Wed Oct 15 2025	30	647.00	2351
Wed Oct 15 2025	99	648.00	1367
Wed Oct 15 2025	35	649.00	677
Wed Oct 15 2025	99	650.00	3102
Wed Oct 15 2025	181	651.00	336
Wed Oct 15 2025	149	652.00	984
Wed Oct 15 2025	356	653.00	1163
Wed Oct 15 2025	964	654.00	1279
Wed Oct 15 2025	847	655.00	1375
Wed Oct 15 2025	778	656.00	671
Wed Oct 15 2025	943	657.00	553
Wed Oct 15 2025	1007	658.00	1425
Wed Oct 15 2025	1064	659.00	1398
Wed Oct 15 2025	1585	660.00	3663
Wed Oct 15 2025	815	661.00	1243
Wed Oct 15 2025	1531	662.00	994
Wed Oct 15 2025	1050	663.00	1200
Wed Oct 15 2025	1136	664.00	1119
Wed Oct 15 2025	4209	665.00	1233
Wed Oct 15 2025	2102	666.00	765
Wed Oct 15 2025	883	667.00	923
Wed Oct 15 2025	1922	668.00	668
Wed Oct 15 2025	3176	669.00	640
Wed Oct 15 2025	5149	670.00	5563
Wed Oct 15 2025	1580	671.00	1280
Wed Oct 15 2025	3592	672.00	1113
Wed Oct 15 2025	2316	673.00	947
Wed Oct 15 2025	1672	674.00	937
Wed Oct 15 2025	6016	675.00	337
Wed Oct 15 2025	1048	676.00	186
Wed Oct 15 2025	686	677.00	71
Wed Oct 15 2025	2098	678.00	126
Wed Oct 15 2025	890	679.00	91
Wed Oct 15 2025	2998	680.00	54
Wed Oct 15 2025	1033	681.00	22
Wed Oct 15 2025	848	682.00	2
Wed Oct 15 2025	463	683.00	4
Wed Oct 15 2025	1381	684.00	1
Wed Oct 15 2025	1334	685.00	4
Wed Oct 15 2025	1174	686.00	1
Wed Oct 15 2025	1451	687.00	0
Wed Oct 15 2025	447	688.00	0
Wed Oct 15 2025	2829	689.00	0
Wed Oct 15 2025	510	690.00	0
Wed Oct 15 2025	135	691.00	0
Wed Oct 15 2025	160	692.00	0
Wed Oct 15 2025	132	693.00	0
Wed Oct 15 2025	40	694.00	0
Wed Oct 15 2025	57	695.00	0
Wed Oct 15 2025	113	696.00	0
Wed Oct 15 2025	1012	697.00	0
Wed Oct 15 2025	128	698.00	0
Wed Oct 15 2025	109	699.00	0
Wed Oct 15 2025	1963	700.00	1
Wed Oct 15 2025	390	705.00	0
Wed Oct 15 2025	2182	710.00	2
Wed Oct 15 2025	216	715.00	0
Wed Oct 15 2025	131	720.00	0
Wed Oct 15 2025	130	725.00	0
Wed Oct 15 2025	78	730.00	0
Wed Oct 15 2025	0	735.00	0
Wed Oct 15 2025	0	740.00	0
Wed Oct 15 2025	0	745.00	0
Wed Oct 15 2025	0	750.00	0
Wed Oct 15 2025	0	755.00	0
Wed Oct 15 2025	0	760.00	0
Wed Oct 15 2025	0	765.00	0
Wed Oct 15 2025	10	770.00	0
Thu Oct 16 2025	0	500.00	262
Thu Oct 16 2025	0	505.00	1020
Thu Oct 16 2025	0	510.00	1015
Thu Oct 16 2025	0	515.00	25
Thu Oct 16 2025	0	520.00	102
Thu Oct 16 2025	0	525.00	155
Thu Oct 16 2025	0	530.00	48
Thu Oct 16 2025	0	535.00	100
Thu Oct 16 2025	0	540.00	116
Thu Oct 16 2025	0	545.00	75
Thu Oct 16 2025	0	550.00	173
Thu Oct 16 2025	0	555.00	224
Thu Oct 16 2025	0	560.00	85
Thu Oct 16 2025	0	565.00	77
Thu Oct 16 2025	0	570.00	298
Thu Oct 16 2025	2	575.00	436
Thu Oct 16 2025	0	580.00	525
Thu Oct 16 2025	0	585.00	534
Thu Oct 16 2025	0	590.00	70
Thu Oct 16 2025	0	595.00	101
Thu Oct 16 2025	0	600.00	498
Thu Oct 16 2025	2	601.00	22
Thu Oct 16 2025	1	602.00	139
Thu Oct 16 2025	3	603.00	62
Thu Oct 16 2025	3	604.00	342
Thu Oct 16 2025	3	605.00	2084
Thu Oct 16 2025	3	606.00	8
Thu Oct 16 2025	3	607.00	303
Thu Oct 16 2025	2	608.00	350
Thu Oct 16 2025	2	609.00	420
Thu Oct 16 2025	3	610.00	562
Thu Oct 16 2025	2	611.00	313
Thu Oct 16 2025	3	612.00	52
Thu Oct 16 2025	2	613.00	95
Thu Oct 16 2025	2	614.00	341
Thu Oct 16 2025	5	615.00	145
Thu Oct 16 2025	2	616.00	66
Thu Oct 16 2025	1	617.00	18
Thu Oct 16 2025	3	618.00	71
Thu Oct 16 2025	0	619.00	68
Thu Oct 16 2025	1	620.00	162
Thu Oct 16 2025	0	621.00	65
Thu Oct 16 2025	1	622.00	627
Thu Oct 16 2025	1	623.00	55
Thu Oct 16 2025	2	624.00	61
Thu Oct 16 2025	1	625.00	310
Thu Oct 16 2025	2	626.00	240
Thu Oct 16 2025	1	627.00	102
Thu Oct 16 2025	1	628.00	266
Thu Oct 16 2025	0	629.00	117
Thu Oct 16 2025	1	630.00	215
Thu Oct 16 2025	2	631.00	46
Thu Oct 16 2025	3	632.00	135
Thu Oct 16 2025	4	633.00	164
Thu Oct 16 2025	8	634.00	161
Thu Oct 16 2025	6	635.00	337
Thu Oct 16 2025	8	636.00	339
Thu Oct 16 2025	4	637.00	313
Thu Oct 16 2025	0	638.00	267
Thu Oct 16 2025	2	639.00	195
Thu Oct 16 2025	3	640.00	518
Thu Oct 16 2025	0	641.00	85
Thu Oct 16 2025	2	642.00	660
Thu Oct 16 2025	9	643.00	182
Thu Oct 16 2025	2	644.00	1602
Thu Oct 16 2025	68	645.00	744
Thu Oct 16 2025	1	646.00	155
Thu Oct 16 2025	114	647.00	244
Thu Oct 16 2025	22	648.00	144
Thu Oct 16 2025	8	649.00	368
Thu Oct 16 2025	180	650.00	1675
Thu Oct 16 2025	18	651.00	654
Thu Oct 16 2025	56	652.00	433
Thu Oct 16 2025	111	653.00	1127
Thu Oct 16 2025	247	654.00	2990
Thu Oct 16 2025	480	655.00	1431
Thu Oct 16 2025	265	656.00	2758
Thu Oct 16 2025	248	657.00	232
Thu Oct 16 2025	247	658.00	639
Thu Oct 16 2025	345	659.00	471
Thu Oct 16 2025	653	660.00	1355
Thu Oct 16 2025	361	661.00	813
Thu Oct 16 2025	487	662.00	1186
Thu Oct 16 2025	505	663.00	479
Thu Oct 16 2025	534	664.00	521
Thu Oct 16 2025	1499	665.00	1002
Thu Oct 16 2025	451	666.00	194
Thu Oct 16 2025	696	667.00	1376
Thu Oct 16 2025	891	668.00	994
Thu Oct 16 2025	1087	669.00	669
Thu Oct 16 2025	2935	670.00	851
Thu Oct 16 2025	836	671.00	1175
Thu Oct 16 2025	2360	672.00	1449
Thu Oct 16 2025	1580	673.00	404
Thu Oct 16 2025	657	674.00	400
Thu Oct 16 2025	1513	675.00	155
Thu Oct 16 2025	754	676.00	106
Thu Oct 16 2025	773	677.00	27
Thu Oct 16 2025	580	678.00	47
Thu Oct 16 2025	793	679.00	96
Thu Oct 16 2025	2742	680.00	81
Thu Oct 16 2025	670	681.00	30
Thu Oct 16 2025	264	682.00	4
Thu Oct 16 2025	729	683.00	0
Thu Oct 16 2025	830	684.00	44
Thu Oct 16 2025	695	685.00	4
Thu Oct 16 2025	1012	686.00	0
Thu Oct 16 2025	442	687.00	0
Thu Oct 16 2025	264	688.00	1
Thu Oct 16 2025	77	689.00	0
Thu Oct 16 2025	527	690.00	0
Thu Oct 16 2025	77	691.00	0
Thu Oct 16 2025	130	692.00	0
Thu Oct 16 2025	50	693.00	0
Thu Oct 16 2025	48	694.00	0
Thu Oct 16 2025	136	695.00	1
Thu Oct 16 2025	22	696.00	0
Thu Oct 16 2025	66	697.00	0
Thu Oct 16 2025	41	698.00	0
Thu Oct 16 2025	67	699.00	0
Thu Oct 16 2025	107	700.00	0
Thu Oct 16 2025	157	705.00	0
Thu Oct 16 2025	305	710.00	0
Thu Oct 16 2025	372	715.00	0
Thu Oct 16 2025	90	720.00	0
Thu Oct 16 2025	0	725.00	0
Thu Oct 16 2025	0	730.00	0
Thu Oct 16 2025	52	735.00	0
Thu Oct 16 2025	0	740.00	0
Thu Oct 16 2025	0	745.00	0
Thu Oct 16 2025	0	750.00	0
Thu Oct 16 2025	0	755.00	0
Thu Oct 16 2025	0	760.00	0
Thu Oct 16 2025	0	765.00	0
Thu Oct 16 2025	0	770.00	0
Fri Oct 17 2025	8	325.00	6500
Fri Oct 17 2025	2	330.00	2355
Fri Oct 17 2025	0	335.00	1479
Fri Oct 17 2025	2	340.00	3004
Fri Oct 17 2025	0	345.00	2327
Fri Oct 17 2025	1	350.00	4632
Fri Oct 17 2025	0	355.00	1395
Fri Oct 17 2025	0	360.00	3460
Fri Oct 17 2025	0	365.00	1509
Fri Oct 17 2025	0	370.00	1959
Fri Oct 17 2025	166	375.00	3616
Fri Oct 17 2025	0	380.00	1863
Fri Oct 17 2025	5	385.00	6426
Fri Oct 17 2025	0	390.00	2238
Fri Oct 17 2025	0	395.00	5022
Fri Oct 17 2025	2	400.00	14625
Fri Oct 17 2025	0	405.00	106856
Fri Oct 17 2025	0	410.00	5076
Fri Oct 17 2025	0	415.00	3134
Fri Oct 17 2025	2	420.00	14654
Fri Oct 17 2025	19	425.00	5791
Fri Oct 17 2025	820	430.00	109996
Fri Oct 17 2025	44	435.00	9537
Fri Oct 17 2025	34	440.00	12544
Fri Oct 17 2025	9	445.00	3146
Fri Oct 17 2025	38	450.00	10271
Fri Oct 17 2025	85	455.00	208325
Fri Oct 17 2025	16	460.00	4975
Fri Oct 17 2025	34	465.00	8713
Fri Oct 17 2025	234	470.00	10017
Fri Oct 17 2025	83	475.00	4260
Fri Oct 17 2025	182	480.00	211075
Fri Oct 17 2025	47	485.00	7975
Fri Oct 17 2025	261	490.00	10175
Fri Oct 17 2025	155	495.00	4822
Fri Oct 17 2025	7287	500.00	28294
Fri Oct 17 2025	90	505.00	104552
Fri Oct 17 2025	209	510.00	4399
Fri Oct 17 2025	24	515.00	8306
Fri Oct 17 2025	209	520.00	20146
Fri Oct 17 2025	56	525.00	6997
Fri Oct 17 2025	88	530.00	107568
Fri Oct 17 2025	453	535.00	12700
Fri Oct 17 2025	151	540.00	36182
Fri Oct 17 2025	167	545.00	11938
Fri Oct 17 2025	304	550.00	34065
Fri Oct 17 2025	91	555.00	25087
Fri Oct 17 2025	406	560.00	55069
Fri Oct 17 2025	110	565.00	13847
Fri Oct 17 2025	2205	570.00	29233
Fri Oct 17 2025	362	575.00	32271
Fri Oct 17 2025	237	580.00	58983
Fri Oct 17 2025	691	585.00	33053
Fri Oct 17 2025	11	588.00	1387
Fri Oct 17 2025	1029	590.00	41284
Fri Oct 17 2025	15	591.00	2013
Fri Oct 17 2025	8	592.00	1057
Fri Oct 17 2025	10	593.00	952
Fri Oct 17 2025	5	594.00	464
Fri Oct 17 2025	633	595.00	39888
Fri Oct 17 2025	7	596.00	712
Fri Oct 17 2025	5	597.00	1403
Fri Oct 17 2025	10	598.00	1285
Fri Oct 17 2025	12	599.00	1006
Fri Oct 17 2025	12260	600.00	87259
Fri Oct 17 2025	11	601.00	1590
Fri Oct 17 2025	13	602.00	578
Fri Oct 17 2025	11	603.00	1635
Fri Oct 17 2025	5	604.00	2052
Fri Oct 17 2025	1997	605.00	24052
Fri Oct 17 2025	33	606.00	2281
Fri Oct 17 2025	2	607.00	2601
Fri Oct 17 2025	14	608.00	3886
Fri Oct 17 2025	3	609.00	8883
Fri Oct 17 2025	2260	610.00	41804
Fri Oct 17 2025	33	611.00	996
Fri Oct 17 2025	16	612.00	6666
Fri Oct 17 2025	18	613.00	25857
Fri Oct 17 2025	29	614.00	9796
Fri Oct 17 2025	2771	615.00	55898
Fri Oct 17 2025	55	616.00	16582
Fri Oct 17 2025	13	617.00	5303
Fri Oct 17 2025	8	618.00	2342
Fri Oct 17 2025	38	619.00	8863
Fri Oct 17 2025	7748	620.00	64148
Fri Oct 17 2025	68	621.00	17841
Fri Oct 17 2025	37	622.00	2957
Fri Oct 17 2025	305	623.00	6708
Fri Oct 17 2025	246	624.00	10770
Fri Oct 17 2025	5788	625.00	72788
Fri Oct 17 2025	69	626.00	10813
Fri Oct 17 2025	21	627.00	15594
Fri Oct 17 2025	69	628.00	9971
Fri Oct 17 2025	81	629.00	9555
Fri Oct 17 2025	12145	630.00	108725
Fri Oct 17 2025	85	631.00	22825
Fri Oct 17 2025	137	632.00	6104
Fri Oct 17 2025	205	633.00	8854
Fri Oct 17 2025	832	634.00	17433
Fri Oct 17 2025	11723	635.00	38558
Fri Oct 17 2025	428	636.00	3516
Fri Oct 17 2025	747	637.00	18393
Fri Oct 17 2025	915	638.00	6158
Fri Oct 17 2025	845	639.00	3736
Fri Oct 17 2025	19499	640.00	69427
Fri Oct 17 2025	896	641.00	4029
Fri Oct 17 2025	1015	642.00	4766
Fri Oct 17 2025	871	643.00	11005
Fri Oct 17 2025	623	644.00	4412
Fri Oct 17 2025	13961	645.00	45855
Fri Oct 17 2025	1415	646.00	3719
Fri Oct 17 2025	1031	647.00	18206
Fri Oct 17 2025	1558	648.00	20107
Fri Oct 17 2025	2101	649.00	7541
Fri Oct 17 2025	24803	650.00	69783
Fri Oct 17 2025	1312	651.00	7261
Fri Oct 17 2025	1629	652.00	13441
Fri Oct 17 2025	2266	653.00	6421
Fri Oct 17 2025	1575	654.00	6001
Fri Oct 17 2025	19523	655.00	33062
Fri Oct 17 2025	1770	656.00	4145
Fri Oct 17 2025	3134	657.00	6381
Fri Oct 17 2025	4445	658.00	14433
Fri Oct 17 2025	4367	659.00	4544
Fri Oct 17 2025	29849	660.00	32143
Fri Oct 17 2025	3694	661.00	4354
Fri Oct 17 2025	6988	662.00	15509
Fri Oct 17 2025	4285	663.00	5015
Fri Oct 17 2025	10968	664.00	4564
Fri Oct 17 2025	27740	665.00	30403
Fri Oct 17 2025	6437	666.00	4398
Fri Oct 17 2025	6375	667.00	11887
Fri Oct 17 2025	8128	668.00	4719
Fri Oct 17 2025	7005	669.00	3249
Fri Oct 17 2025	61416	670.00	33216
Fri Oct 17 2025	5689	671.00	5426
Fri Oct 17 2025	14254	672.00	3490
Fri Oct 17 2025	7084	673.00	4113
Fri Oct 17 2025	6448	674.00	2256
Fri Oct 17 2025	37130	675.00	7896
Fri Oct 17 2025	5008	676.00	431
Fri Oct 17 2025	9353	677.00	483
Fri Oct 17 2025	12158	678.00	333
Fri Oct 17 2025	3979	679.00	123
Fri Oct 17 2025	40415	680.00	1662
Fri Oct 17 2025	3748	681.00	131
Fri Oct 17 2025	3197	682.00	177
Fri Oct 17 2025	3704	683.00	170
Fri Oct 17 2025	2913	684.00	1
Fri Oct 17 2025	9234	685.00	148
Fri Oct 17 2025	2834	686.00	2
Fri Oct 17 2025	5320	687.00	1
Fri Oct 17 2025	2326	688.00	1
Fri Oct 17 2025	1706	689.00	0
Fri Oct 17 2025	9028	690.00	2
Fri Oct 17 2025	2377	691.00	0
Fri Oct 17 2025	545	692.00	1
Fri Oct 17 2025	6446	693.00	0
Fri Oct 17 2025	3560	694.00	0
Fri Oct 17 2025	4903	695.00	4
Fri Oct 17 2025	874	696.00	0
Fri Oct 17 2025	883	697.00	0
Fri Oct 17 2025	1016	698.00	0
Fri Oct 17 2025	1626	699.00	0
Fri Oct 17 2025	10530	700.00	29
Fri Oct 17 2025	2781	701.00	0
Fri Oct 17 2025	1023	702.00	0
Fri Oct 17 2025	900	703.00	0
Fri Oct 17 2025	576	704.00	0
Fri Oct 17 2025	1989	705.00	1
Fri Oct 17 2025	1423	706.00	0
Fri Oct 17 2025	900	708.00	0
Fri Oct 17 2025	2481	710.00	0
Fri Oct 17 2025	1353	712.00	0
Fri Oct 17 2025	1144	714.00	0
Fri Oct 17 2025	3297	715.00	0
Fri Oct 17 2025	449	716.00	0
Fri Oct 17 2025	1029	718.00	0
Fri Oct 17 2025	4581	720.00	0
Fri Oct 17 2025	2912	725.00	2
Fri Oct 17 2025	4396	730.00	2
Fri Oct 17 2025	5472	735.00	0
Fri Oct 17 2025	12244	740.00	0
Fri Oct 17 2025	2316	745.00	0
Fri Oct 17 2025	9195	750.00	0
Fri Oct 17 2025	8710	755.00	0
Fri Oct 17 2025	1568	760.00	0
Fri Oct 17 2025	3571	765.00	0
Fri Oct 17 2025	13619	770.00	0
Fri Oct 17 2025	17753	775.00	0
Fri Oct 17 2025	16708	780.00	0
Fri Oct 17 2025	1391	785.00	0
Fri Oct 17 2025	416	790.00	0
Fri Oct 17 2025	7064	795.00	0
Fri Oct 17 2025	3862	800.00	0
Fri Oct 17 2025	1042	805.00	0
Fri Oct 17 2025	3707	810.00	0
Fri Oct 17 2025	3465	815.00	0
Fri Oct 17 2025	1502	820.00	0
Fri Oct 17 2025	10044	825.00	0
Fri Oct 17 2025	1212	830.00	0
Fri Oct 17 2025	955	835.00	0
Fri Oct 17 2025	1963	840.00	0
Fri Oct 17 2025	4227	845.00	0
Fri Oct 17 2025	3923	850.00	1
Mon Oct 20 2025	0	500.00	245
Mon Oct 20 2025	0	505.00	8
Mon Oct 20 2025	0	510.00	222
Mon Oct 20 2025	0	515.00	1
Mon Oct 20 2025	0	520.00	4
Mon Oct 20 2025	0	525.00	48
Mon Oct 20 2025	0	530.00	133
Mon Oct 20 2025	0	535.00	101
Mon Oct 20 2025	0	540.00	5
Mon Oct 20 2025	0	545.00	266
Mon Oct 20 2025	0	550.00	16
Mon Oct 20 2025	0	555.00	304
Mon Oct 20 2025	0	560.00	7
Mon Oct 20 2025	0	565.00	38
Mon Oct 20 2025	0	570.00	60
Mon Oct 20 2025	0	575.00	8
Mon Oct 20 2025	0	580.00	80
Mon Oct 20 2025	0	585.00	151
Mon Oct 20 2025	0	590.00	557
Mon Oct 20 2025	1	595.00	361
Mon Oct 20 2025	1	600.00	1062
Mon Oct 20 2025	1	605.00	731
Mon Oct 20 2025	0	610.00	840
Mon Oct 20 2025	0	615.00	594
Mon Oct 20 2025	3	620.00	1081
Mon Oct 20 2025	0	625.00	1286
Mon Oct 20 2025	110	630.00	5996
Mon Oct 20 2025	4	635.00	438
Mon Oct 20 2025	31	640.00	243
Mon Oct 20 2025	2	641.00	229
Mon Oct 20 2025	3	642.00	102
Mon Oct 20 2025	4	643.00	604
Mon Oct 20 2025	2	644.00	151
Mon Oct 20 2025	4	645.00	938
Mon Oct 20 2025	7	646.00	851
Mon Oct 20 2025	8	647.00	177
Mon Oct 20 2025	1	648.00	206
Mon Oct 20 2025	8	649.00	395
Mon Oct 20 2025	67	650.00	721
Mon Oct 20 2025	35	651.00	410
Mon Oct 20 2025	7	652.00	362
Mon Oct 20 2025	99	653.00	159
Mon Oct 20 2025	220	654.00	287
Mon Oct 20 2025	101	655.00	503
Mon Oct 20 2025	197	656.00	899
Mon Oct 20 2025	386	657.00	352
Mon Oct 20 2025	453	658.00	279
Mon Oct 20 2025	383	659.00	304
Mon Oct 20 2025	1523	660.00	1749
Mon Oct 20 2025	559	661.00	372
Mon Oct 20 2025	229	662.00	342
Mon Oct 20 2025	380	663.00	328
Mon Oct 20 2025	305	664.00	221
Mon Oct 20 2025	624	665.00	792
Mon Oct 20 2025	501	666.00	313
Mon Oct 20 2025	533	667.00	156
Mon Oct 20 2025	363	668.00	186
Mon Oct 20 2025	632	669.00	221
Mon Oct 20 2025	1650	670.00	375
Mon Oct 20 2025	653	671.00	394
Mon Oct 20 2025	985	672.00	731
Mon Oct 20 2025	1016	673.00	716
Mon Oct 20 2025	983	674.00	550
Mon Oct 20 2025	1450	675.00	237
Mon Oct 20 2025	659	676.00	151
Mon Oct 20 2025	295	677.00	27
Mon Oct 20 2025	271	678.00	77
Mon Oct 20 2025	237	679.00	10
Mon Oct 20 2025	1164	680.00	74
Mon Oct 20 2025	322	681.00	3
Mon Oct 20 2025	611	682.00	20
Mon Oct 20 2025	375	683.00	0
Mon Oct 20 2025	347	684.00	0
Mon Oct 20 2025	914	685.00	0
Mon Oct 20 2025	238	686.00	21
Mon Oct 20 2025	349	687.00	4
Mon Oct 20 2025	211	688.00	5
Mon Oct 20 2025	49	689.00	0
Mon Oct 20 2025	1574	690.00	0
Mon Oct 20 2025	236	695.00	0
Mon Oct 20 2025	340	700.00	0
Mon Oct 20 2025	131	705.00	0
Mon Oct 20 2025	189	710.00	0
Mon Oct 20 2025	260	715.00	3
Mon Oct 20 2025	68	720.00	0
Mon Oct 20 2025	71	725.00	0
Mon Oct 20 2025	85	730.00	0
Mon Oct 20 2025	1	735.00	0
Mon Oct 20 2025	1	740.00	0
Mon Oct 20 2025	1	745.00	0
Mon Oct 20 2025	1	750.00	0
Mon Oct 20 2025	0	755.00	0
Mon Oct 20 2025	10	760.00	0
Mon Oct 20 2025	10	765.00	0
Mon Oct 20 2025	3	770.00	0
Tue Oct 21 2025	0	500.00	5
Tue Oct 21 2025	0	505.00	2
Tue Oct 21 2025	0	510.00	7
Tue Oct 21 2025	0	515.00	125
Tue Oct 21 2025	0	520.00	88
Tue Oct 21 2025	0	525.00	101
Tue Oct 21 2025	0	530.00	5
Tue Oct 21 2025	0	535.00	0
Tue Oct 21 2025	0	540.00	106
Tue Oct 21 2025	0	545.00	50
Tue Oct 21 2025	0	550.00	106
Tue Oct 21 2025	0	555.00	140
Tue Oct 21 2025	0	560.00	181
Tue Oct 21 2025	0	565.00	98
Tue Oct 21 2025	0	570.00	330
Tue Oct 21 2025	0	575.00	328
Tue Oct 21 2025	0	580.00	136
Tue Oct 21 2025	0	585.00	498
Tue Oct 21 2025	0	590.00	535
Tue Oct 21 2025	0	595.00	261
Tue Oct 21 2025	0	600.00	454
Tue Oct 21 2025	0	605.00	1263
Tue Oct 21 2025	2	610.00	371
Tue Oct 21 2025	4	615.00	259
Tue Oct 21 2025	0	620.00	1866
Tue Oct 21 2025	0	625.00	1181
Tue Oct 21 2025	0	630.00	3977
Tue Oct 21 2025	6	635.00	545
Tue Oct 21 2025	2	640.00	306
Tue Oct 21 2025	3	641.00	90
Tue Oct 21 2025	1	642.00	1107
Tue Oct 21 2025	0	643.00	189
Tue Oct 21 2025	0	644.00	110
Tue Oct 21 2025	10	645.00	541
Tue Oct 21 2025	1	646.00	83
Tue Oct 21 2025	1	647.00	59
Tue Oct 21 2025	1	648.00	72
Tue Oct 21 2025	3	649.00	145
Tue Oct 21 2025	27	650.00	296
Tue Oct 21 2025	118	651.00	83
Tue Oct 21 2025	2	652.00	168
Tue Oct 21 2025	14	653.00	50
Tue Oct 21 2025	40	654.00	96
Tue Oct 21 2025	121	655.00	487
Tue Oct 21 2025	31	656.00	97
Tue Oct 21 2025	856	657.00	77
Tue Oct 21 2025	47	658.00	649
Tue Oct 21 2025	36	659.00	246
Tue Oct 21 2025	208	660.00	594
Tue Oct 21 2025	141	661.00	225
Tue Oct 21 2025	107	662.00	230
Tue Oct 21 2025	246	663.00	330
Tue Oct 21 2025	235	664.00	231
Tue Oct 21 2025	803	665.00	440
Tue Oct 21 2025	210	666.00	194
Tue Oct 21 2025	200	667.00	93
Tue Oct 21 2025	355	668.00	69
Tue Oct 21 2025	262	669.00	42
Tue Oct 21 2025	527	670.00	1055
Tue Oct 21 2025	679	671.00	161
Tue Oct 21 2025	849	672.00	104
Tue Oct 21 2025	427	673.00	108
Tue Oct 21 2025	238	674.00	76
Tue Oct 21 2025	959	675.00	129
Tue Oct 21 2025	196	676.00	146
Tue Oct 21 2025	373	677.00	19
Tue Oct 21 2025	192	678.00	2
Tue Oct 21 2025	328	679.00	98
Tue Oct 21 2025	1130	680.00	41
Tue Oct 21 2025	194	681.00	1
Tue Oct 21 2025	340	682.00	1
Tue Oct 21 2025	122	683.00	0
Tue Oct 21 2025	89	684.00	1
Tue Oct 21 2025	1503	685.00	0
Tue Oct 21 2025	11	686.00	0
Tue Oct 21 2025	24	687.00	0
Tue Oct 21 2025	45	688.00	2
Tue Oct 21 2025	125	689.00	0
Tue Oct 21 2025	264	690.00	3
Tue Oct 21 2025	34	695.00	0
Tue Oct 21 2025	83	700.00	0
Tue Oct 21 2025	78	705.00	0
Tue Oct 21 2025	173	710.00	0
Tue Oct 21 2025	132	715.00	0
Tue Oct 21 2025	265	720.00	0
Tue Oct 21 2025	69	725.00	0
Tue Oct 21 2025	0	730.00	0
Tue Oct 21 2025	1	735.00	0
Tue Oct 21 2025	1	740.00	0
Tue Oct 21 2025	4	745.00	0
Tue Oct 21 2025	4	750.00	0
Tue Oct 21 2025	0	755.00	0
Tue Oct 21 2025	0	760.00	0
Tue Oct 21 2025	2	765.00	0
Tue Oct 21 2025	2	770.00	0
Wed Oct 22 2025	0	500.00	208
Wed Oct 22 2025	0	505.00	6
Wed Oct 22 2025	0	510.00	1
Wed Oct 22 2025	0	515.00	0
Wed Oct 22 2025	0	520.00	1
Wed Oct 22 2025	0	525.00	52
Wed Oct 22 2025	0	530.00	0
Wed Oct 22 2025	0	535.00	0
Wed Oct 22 2025	0	540.00	89
Wed Oct 22 2025	0	545.00	2
Wed Oct 22 2025	0	550.00	238
Wed Oct 22 2025	0	555.00	0
Wed Oct 22 2025	0	560.00	127
Wed Oct 22 2025	0	565.00	0
Wed Oct 22 2025	0	570.00	423
Wed Oct 22 2025	0	575.00	105
Wed Oct 22 2025	0	580.00	660
Wed Oct 22 2025	0	585.00	216
Wed Oct 22 2025	2	590.00	548
Wed Oct 22 2025	0	595.00	670
Wed Oct 22 2025	0	600.00	541
Wed Oct 22 2025	2	605.00	78
Wed Oct 22 2025	0	610.00	201
Wed Oct 22 2025	0	615.00	23
Wed Oct 22 2025	0	620.00	98
Wed Oct 22 2025	2	625.00	168
Wed Oct 22 2025	1	630.00	427
Wed Oct 22 2025	1	635.00	227
Wed Oct 22 2025	2	640.00	248
Wed Oct 22 2025	2	643.00	271
Wed Oct 22 2025	0	644.00	51
Wed Oct 22 2025	3	645.00	85
Wed Oct 22 2025	0	646.00	128
Wed Oct 22 2025	1	647.00	165
Wed Oct 22 2025	7	648.00	95
Wed Oct 22 2025	1	649.00	193
Wed Oct 22 2025	12	650.00	187
Wed Oct 22 2025	9	651.00	69
Wed Oct 22 2025	6	652.00	49
Wed Oct 22 2025	56	653.00	69
Wed Oct 22 2025	79	654.00	38
Wed Oct 22 2025	50	655.00	459
Wed Oct 22 2025	123	656.00	62
Wed Oct 22 2025	66	657.00	52
Wed Oct 22 2025	63	658.00	47
Wed Oct 22 2025	29	659.00	30
Wed Oct 22 2025	516	660.00	778
Wed Oct 22 2025	87	661.00	43
Wed Oct 22 2025	177	662.00	231
Wed Oct 22 2025	116	663.00	99
Wed Oct 22 2025	121	664.00	235
Wed Oct 22 2025	579	665.00	301
Wed Oct 22 2025	220	666.00	364
Wed Oct 22 2025	175	667.00	97
Wed Oct 22 2025	249	668.00	29
Wed Oct 22 2025	445	669.00	136
Wed Oct 22 2025	156	670.00	267
Wed Oct 22 2025	111	671.00	111
Wed Oct 22 2025	215	672.00	31
Wed Oct 22 2025	966	673.00	143
Wed Oct 22 2025	263	674.00	17
Wed Oct 22 2025	1062	675.00	77
Wed Oct 22 2025	196	676.00	18
Wed Oct 22 2025	149	677.00	8
Wed Oct 22 2025	377	678.00	171
Wed Oct 22 2025	353	679.00	3
Wed Oct 22 2025	655	680.00	22
Wed Oct 22 2025	358	681.00	0
Wed Oct 22 2025	325	682.00	0
Wed Oct 22 2025	137	683.00	0
Wed Oct 22 2025	205	684.00	0
Wed Oct 22 2025	181	685.00	15
Wed Oct 22 2025	74	686.00	0
Wed Oct 22 2025	36	687.00	0
Wed Oct 22 2025	78	688.00	0
Wed Oct 22 2025	89	689.00	10
Wed Oct 22 2025	333	690.00	0
Wed Oct 22 2025	426	695.00	0
Wed Oct 22 2025	307	700.00	0
Wed Oct 22 2025	113	705.00	3
Wed Oct 22 2025	128	710.00	0
Wed Oct 22 2025	372	715.00	0
Wed Oct 22 2025	1	720.00	0
Wed Oct 22 2025	101	725.00	0
Wed Oct 22 2025	0	730.00	0
Wed Oct 22 2025	0	735.00	0
Wed Oct 22 2025	0	740.00	0
Wed Oct 22 2025	0	745.00	0
Wed Oct 22 2025	0	750.00	0
Wed Oct 22 2025	0	755.00	0
Wed Oct 22 2025	0	760.00	0
Wed Oct 22 2025	0	765.00	0
Wed Oct 22 2025	0	770.00	0
Thu Oct 23 2025	0	500.00	6
Thu Oct 23 2025	0	505.00	8
Thu Oct 23 2025	0	510.00	0
Thu Oct 23 2025	0	515.00	1
Thu Oct 23 2025	0	520.00	10
Thu Oct 23 2025	0	525.00	0
Thu Oct 23 2025	0	530.00	7
Thu Oct 23 2025	0	535.00	3
Thu Oct 23 2025	0	540.00	1
Thu Oct 23 2025	0	545.00	1
Thu Oct 23 2025	0	550.00	52
Thu Oct 23 2025	0	555.00	0
Thu Oct 23 2025	0	560.00	10
Thu Oct 23 2025	0	565.00	0
Thu Oct 23 2025	0	570.00	0
Thu Oct 23 2025	0	575.00	5
Thu Oct 23 2025	0	580.00	6
Thu Oct 23 2025	1	585.00	21
Thu Oct 23 2025	2	590.00	10
Thu Oct 23 2025	2	595.00	36
Thu Oct 23 2025	0	600.00	93
Thu Oct 23 2025	0	605.00	141
Thu Oct 23 2025	0	610.00	32
Thu Oct 23 2025	0	615.00	11
Thu Oct 23 2025	2	620.00	59
Thu Oct 23 2025	0	625.00	14
Thu Oct 23 2025	1	630.00	40
Thu Oct 23 2025	0	631.00	5
Thu Oct 23 2025	0	632.00	2
Thu Oct 23 2025	0	633.00	6
Thu Oct 23 2025	1	634.00	10
Thu Oct 23 2025	0	635.00	74
Thu Oct 23 2025	0	636.00	11
Thu Oct 23 2025	0	637.00	77
Thu Oct 23 2025	0	638.00	7
Thu Oct 23 2025	0	639.00	2776
Thu Oct 23 2025	1	640.00	119
Thu Oct 23 2025	0	641.00	11
Thu Oct 23 2025	4	642.00	24
Thu Oct 23 2025	6	643.00	10
Thu Oct 23 2025	47	644.00	7
Thu Oct 23 2025	1	645.00	41
Thu Oct 23 2025	9	646.00	45
Thu Oct 23 2025	10	647.00	190
Thu Oct 23 2025	11	648.00	75
Thu Oct 23 2025	10	649.00	13
Thu Oct 23 2025	4	650.00	192
Thu Oct 23 2025	8	651.00	64
Thu Oct 23 2025	5	652.00	19
Thu Oct 23 2025	5	653.00	39
Thu Oct 23 2025	2	654.00	24
Thu Oct 23 2025	27	655.00	583
Thu Oct 23 2025	41	656.00	17
Thu Oct 23 2025	20	657.00	25
Thu Oct 23 2025	53	658.00	99
Thu Oct 23 2025	106	659.00	2
Thu Oct 23 2025	290	660.00	314
Thu Oct 23 2025	97	661.00	21
Thu Oct 23 2025	82	662.00	12
Thu Oct 23 2025	53	663.00	35
Thu Oct 23 2025	85	664.00	25
Thu Oct 23 2025	274	665.00	128
Thu Oct 23 2025	89	666.00	11
Thu Oct 23 2025	97	667.00	11
Thu Oct 23 2025	98	668.00	16
Thu Oct 23 2025	59	669.00	6
Thu Oct 23 2025	282	670.00	57
Thu Oct 23 2025	61	671.00	59
Thu Oct 23 2025	148	672.00	39
Thu Oct 23 2025	197	673.00	47
Thu Oct 23 2025	12	674.00	20
Thu Oct 23 2025	117	675.00	14
Thu Oct 23 2025	82	676.00	12
Thu Oct 23 2025	18	677.00	11
Thu Oct 23 2025	42	678.00	13
Thu Oct 23 2025	68	679.00	7
Thu Oct 23 2025	666	680.00	14
Thu Oct 23 2025	35	681.00	1
Thu Oct 23 2025	6	682.00	0
Thu Oct 23 2025	7	683.00	0
Thu Oct 23 2025	7	684.00	0
Thu Oct 23 2025	22	685.00	0
Thu Oct 23 2025	96	686.00	0
Thu Oct 23 2025	45	687.00	1
Thu Oct 23 2025	1	688.00	0
Thu Oct 23 2025	2	689.00	0
Thu Oct 23 2025	101	690.00	0
Thu Oct 23 2025	0	691.00	0
Thu Oct 23 2025	0	692.00	0
Thu Oct 23 2025	20	693.00	0
Thu Oct 23 2025	24	694.00	0
Thu Oct 23 2025	55	695.00	0
Thu Oct 23 2025	28	696.00	0
Thu Oct 23 2025	37	697.00	0
Thu Oct 23 2025	33	698.00	0
Thu Oct 23 2025	35	699.00	0
Thu Oct 23 2025	38	700.00	0
Thu Oct 23 2025	54	705.00	0
Thu Oct 23 2025	0	710.00	0
Thu Oct 23 2025	0	715.00	0
Thu Oct 23 2025	0	720.00	0
Thu Oct 23 2025	0	725.00	0
Thu Oct 23 2025	0	730.00	0
Thu Oct 23 2025	0	735.00	0
Thu Oct 23 2025	0	740.00	0
Thu Oct 23 2025	0	745.00	0
Thu Oct 23 2025	0	750.00	0
Thu Oct 23 2025	0	755.00	0
Thu Oct 23 2025	0	760.00	0
Thu Oct 23 2025	0	765.00	0
Thu Oct 23 2025	0	770.00	0
Fri Oct 24 2025	0	500.00	941
Fri Oct 24 2025	0	505.00	2832
Fri Oct 24 2025	3	510.00	441
Fri Oct 24 2025	2	515.00	334
Fri Oct 24 2025	0	520.00	891
Fri Oct 24 2025	0	525.00	696
Fri Oct 24 2025	0	530.00	959
Fri Oct 24 2025	19	535.00	668
Fri Oct 24 2025	0	540.00	316
Fri Oct 24 2025	0	545.00	769
Fri Oct 24 2025	1	550.00	769
Fri Oct 24 2025	1	555.00	706
Fri Oct 24 2025	7	560.00	907
Fri Oct 24 2025	3	565.00	673
Fri Oct 24 2025	4	570.00	2417
Fri Oct 24 2025	1	575.00	2414
Fri Oct 24 2025	16	580.00	2362
Fri Oct 24 2025	24	585.00	1476
Fri Oct 24 2025	74	590.00	2870
Fri Oct 24 2025	0	592.00	181
Fri Oct 24 2025	1	594.00	208
Fri Oct 24 2025	10	595.00	1621
Fri Oct 24 2025	3	596.00	277
Fri Oct 24 2025	1	598.00	438
Fri Oct 24 2025	58	600.00	4131
Fri Oct 24 2025	3	602.00	291
Fri Oct 24 2025	2	604.00	309
Fri Oct 24 2025	26	605.00	845
Fri Oct 24 2025	2	606.00	102
Fri Oct 24 2025	3	608.00	480
Fri Oct 24 2025	24	610.00	3037
Fri Oct 24 2025	57	612.00	210
Fri Oct 24 2025	2	614.00	292
Fri Oct 24 2025	149	615.00	2514
Fri Oct 24 2025	14	616.00	321
Fri Oct 24 2025	39	618.00	4196
Fri Oct 24 2025	40	620.00	3820
Fri Oct 24 2025	1	621.00	379
Fri Oct 24 2025	28	622.00	273
Fri Oct 24 2025	35	623.00	218
Fri Oct 24 2025	4	624.00	459
Fri Oct 24 2025	51	625.00	1992
Fri Oct 24 2025	8	626.00	496
Fri Oct 24 2025	5	627.00	1076
Fri Oct 24 2025	1	628.00	839
Fri Oct 24 2025	1	629.00	2747
Fri Oct 24 2025	377	630.00	5588
Fri Oct 24 2025	9	631.00	759
Fri Oct 24 2025	18	632.00	6484
Fri Oct 24 2025	19	633.00	358
Fri Oct 24 2025	9	634.00	1843
Fri Oct 24 2025	142	635.00	2556
Fri Oct 24 2025	25	636.00	11779
Fri Oct 24 2025	18	637.00	1258
Fri Oct 24 2025	32	638.00	570
Fri Oct 24 2025	197	639.00	2102
Fri Oct 24 2025	329	640.00	5409
Fri Oct 24 2025	13	641.00	442
Fri Oct 24 2025	53	642.00	837
Fri Oct 24 2025	163	643.00	607
Fri Oct 24 2025	68	644.00	1667
Fri Oct 24 2025	202	645.00	6123
Fri Oct 24 2025	48	646.00	653
Fri Oct 24 2025	229	647.00	741
Fri Oct 24 2025	388	648.00	2866
Fri Oct 24 2025	267	649.00	532
Fri Oct 24 2025	555	650.00	7480
Fri Oct 24 2025	473	651.00	589
Fri Oct 24 2025	191	652.00	2535
Fri Oct 24 2025	419	653.00	3114
Fri Oct 24 2025	455	654.00	1425
Fri Oct 24 2025	995	655.00	4425
Fri Oct 24 2025	518	656.00	604
Fri Oct 24 2025	546	657.00	867
Fri Oct 24 2025	1041	658.00	1616
Fri Oct 24 2025	757	659.00	7666
Fri Oct 24 2025	2987	660.00	5390
Fri Oct 24 2025	1385	661.00	3399
Fri Oct 24 2025	837	662.00	1197
Fri Oct 24 2025	1310	663.00	1616
Fri Oct 24 2025	1216	664.00	896
Fri Oct 24 2025	4383	665.00	2230
Fri Oct 24 2025	2044	666.00	844
Fri Oct 24 2025	1202	667.00	10157
Fri Oct 24 2025	1205	668.00	1820
Fri Oct 24 2025	1947	669.00	1412
Fri Oct 24 2025	6508	670.00	10030
Fri Oct 24 2025	1989	671.00	1164
Fri Oct 24 2025	2020	672.00	1047
Fri Oct 24 2025	1543	673.00	1292
Fri Oct 24 2025	1961	674.00	399
Fri Oct 24 2025	22241	675.00	604
Fri Oct 24 2025	1653	676.00	402
Fri Oct 24 2025	1098	677.00	128
Fri Oct 24 2025	5942	678.00	87
Fri Oct 24 2025	1200	679.00	56
Fri Oct 24 2025	4601	680.00	162
Fri Oct 24 2025	1975	681.00	56
Fri Oct 24 2025	2257	682.00	40
Fri Oct 24 2025	1024	683.00	4
Fri Oct 24 2025	1420	684.00	80
Fri Oct 24 2025	1908	685.00	504
Fri Oct 24 2025	784	686.00	13
Fri Oct 24 2025	671	687.00	45
Fri Oct 24 2025	1608	688.00	4
Fri Oct 24 2025	1924	689.00	0
Fri Oct 24 2025	1313	690.00	29
Fri Oct 24 2025	666	691.00	5
Fri Oct 24 2025	1287	692.00	2
Fri Oct 24 2025	630	693.00	1
Fri Oct 24 2025	2257	694.00	0
Fri Oct 24 2025	1763	695.00	1
Fri Oct 24 2025	421	696.00	0
Fri Oct 24 2025	492	697.00	0
Fri Oct 24 2025	975	698.00	0
Fri Oct 24 2025	540	699.00	0
Fri Oct 24 2025	3072	700.00	0
Fri Oct 24 2025	250	701.00	1
Fri Oct 24 2025	156	702.00	0
Fri Oct 24 2025	81	703.00	0
Fri Oct 24 2025	88	704.00	0
Fri Oct 24 2025	573	705.00	0
Fri Oct 24 2025	119	706.00	0
Fri Oct 24 2025	102	707.00	0
Fri Oct 24 2025	117	708.00	0
Fri Oct 24 2025	168	709.00	0
Fri Oct 24 2025	783	710.00	0
Fri Oct 24 2025	1148	711.00	0
Fri Oct 24 2025	143	712.00	0
Fri Oct 24 2025	176	713.00	0
Fri Oct 24 2025	308	714.00	0
Fri Oct 24 2025	296	715.00	0
Fri Oct 24 2025	159	716.00	0
Fri Oct 24 2025	324	718.00	0
Fri Oct 24 2025	481	720.00	0
Fri Oct 24 2025	326	725.00	0
Fri Oct 24 2025	412	730.00	0
Fri Oct 24 2025	513	735.00	0
Fri Oct 24 2025	386	740.00	0
Fri Oct 24 2025	652	745.00	0
Fri Oct 24 2025	401	750.00	0
Fri Oct 24 2025	226	755.00	0
Fri Oct 24 2025	1447	760.00	0
Fri Oct 24 2025	17	765.00	0
Fri Oct 24 2025	95	770.00	0
Fri Oct 24 2025	1689	780.00	0
Mon Oct 27 2025	0	590.00	0
Mon Oct 27 2025	0	595.00	0
Mon Oct 27 2025	0	600.00	0
Mon Oct 27 2025	0	605.00	0
Mon Oct 27 2025	0	610.00	0
Mon Oct 27 2025	0	615.00	0
Mon Oct 27 2025	0	620.00	0
Mon Oct 27 2025	0	625.00	0
Mon Oct 27 2025	0	630.00	0
Mon Oct 27 2025	0	635.00	0
Mon Oct 27 2025	0	640.00	0
Mon Oct 27 2025	0	645.00	0
Mon Oct 27 2025	0	650.00	0
Mon Oct 27 2025	0	655.00	0
Mon Oct 27 2025	0	660.00	0
Mon Oct 27 2025	0	665.00	0
Mon Oct 27 2025	0	670.00	0
Mon Oct 27 2025	0	675.00	0
Mon Oct 27 2025	0	680.00	0
Mon Oct 27 2025	0	685.00	0
Mon Oct 27 2025	0	690.00	0
Mon Oct 27 2025	0	695.00	0
Mon Oct 27 2025	0	700.00	0
Mon Oct 27 2025	0	705.00	0
Mon Oct 27 2025	0	710.00	0
Mon Oct 27 2025	0	715.00	0
Mon Oct 27 2025	0	720.00	0
Mon Oct 27 2025	0	725.00	0
Mon Oct 27 2025	0	730.00	0
Mon Oct 27 2025	0	735.00	0
Mon Oct 27 2025	0	740.00	0
Mon Oct 27 2025	0	745.00	0
Fri Oct 31 2025	31	370.00	6582
Fri Oct 31 2025	1	375.00	1315
Fri Oct 31 2025	2	380.00	1410
Fri Oct 31 2025	2	385.00	792
Fri Oct 31 2025	2	390.00	1193
Fri Oct 31 2025	0	395.00	866
Fri Oct 31 2025	15	400.00	3711
Fri Oct 31 2025	0	405.00	1247
Fri Oct 31 2025	3	410.00	4996
Fri Oct 31 2025	118	415.00	700
Fri Oct 31 2025	2	420.00	2554
Fri Oct 31 2025	0	425.00	1621
Fri Oct 31 2025	1	430.00	102174
Fri Oct 31 2025	20	435.00	744
Fri Oct 31 2025	128	440.00	2304
Fri Oct 31 2025	161	445.00	752
Fri Oct 31 2025	330	450.00	3280
Fri Oct 31 2025	314	455.00	991
Fri Oct 31 2025	214	460.00	101015
Fri Oct 31 2025	496	465.00	508
Fri Oct 31 2025	63	470.00	1324
Fri Oct 31 2025	546	475.00	575
Fri Oct 31 2025	663	480.00	208497
Fri Oct 31 2025	11	485.00	643
Fri Oct 31 2025	127	490.00	1028
Fri Oct 31 2025	2	491.00	1016
Fri Oct 31 2025	1	492.00	388
Fri Oct 31 2025	8	493.00	214
Fri Oct 31 2025	6	494.00	587
Fri Oct 31 2025	9	495.00	447
Fri Oct 31 2025	16	496.00	377
Fri Oct 31 2025	0	497.00	537
Fri Oct 31 2025	2	498.00	569
Fri Oct 31 2025	2	499.00	1012
Fri Oct 31 2025	86	500.00	7082
Fri Oct 31 2025	8	501.00	497
Fri Oct 31 2025	1	502.00	685
Fri Oct 31 2025	3	503.00	224
Fri Oct 31 2025	1	504.00	390
Fri Oct 31 2025	2	505.00	18197
Fri Oct 31 2025	0	506.00	247
Fri Oct 31 2025	1	507.00	242
Fri Oct 31 2025	2	508.00	420
Fri Oct 31 2025	17	509.00	192
Fri Oct 31 2025	12	510.00	201653
Fri Oct 31 2025	2	511.00	926
Fri Oct 31 2025	10	512.00	772
Fri Oct 31 2025	3	513.00	272
Fri Oct 31 2025	1	514.00	447
Fri Oct 31 2025	48	515.00	970
Fri Oct 31 2025	3	516.00	202
Fri Oct 31 2025	3	517.00	125
Fri Oct 31 2025	1	518.00	566
Fri Oct 31 2025	1	519.00	660
Fri Oct 31 2025	21	520.00	996
Fri Oct 31 2025	0	521.00	167
Fri Oct 31 2025	2	522.00	77
Fri Oct 31 2025	0	523.00	285
Fri Oct 31 2025	20	524.00	322
Fri Oct 31 2025	6	525.00	4670
Fri Oct 31 2025	1	526.00	720
Fri Oct 31 2025	2	527.00	314
Fri Oct 31 2025	3	528.00	641
Fri Oct 31 2025	0	529.00	342
Fri Oct 31 2025	269	530.00	102640
Fri Oct 31 2025	7	531.00	210
Fri Oct 31 2025	3	532.00	171
Fri Oct 31 2025	33	533.00	525
Fri Oct 31 2025	4	534.00	255
Fri Oct 31 2025	46	535.00	4684
Fri Oct 31 2025	5	536.00	586
Fri Oct 31 2025	2	537.00	254
Fri Oct 31 2025	19	538.00	530
Fri Oct 31 2025	4	539.00	477
Fri Oct 31 2025	98	540.00	4609
Fri Oct 31 2025	9	541.00	565
Fri Oct 31 2025	1	542.00	584
Fri Oct 31 2025	7	543.00	658
Fri Oct 31 2025	10	544.00	362
Fri Oct 31 2025	16	545.00	1748
Fri Oct 31 2025	10	546.00	537
Fri Oct 31 2025	2	547.00	3187
Fri Oct 31 2025	12	548.00	663
Fri Oct 31 2025	5	549.00	617
Fri Oct 31 2025	694	550.00	31027
Fri Oct 31 2025	5	551.00	313
Fri Oct 31 2025	7	552.00	455
Fri Oct 31 2025	6	553.00	709
Fri Oct 31 2025	19	554.00	444
Fri Oct 31 2025	25	555.00	13762
Fri Oct 31 2025	6	556.00	430
Fri Oct 31 2025	11	557.00	526
Fri Oct 31 2025	11	558.00	2374
Fri Oct 31 2025	224	559.00	2242
Fri Oct 31 2025	162	560.00	114538
Fri Oct 31 2025	65	561.00	674
Fri Oct 31 2025	50	562.00	583
Fri Oct 31 2025	72	563.00	2409
Fri Oct 31 2025	101	564.00	433
Fri Oct 31 2025	812	565.00	2020
Fri Oct 31 2025	106	566.00	524
Fri Oct 31 2025	68	567.00	1019
Fri Oct 31 2025	815	568.00	401
Fri Oct 31 2025	220	569.00	415
Fri Oct 31 2025	463	570.00	9752
Fri Oct 31 2025	150	571.00	804
Fri Oct 31 2025	136	572.00	5315
Fri Oct 31 2025	13	573.00	301
Fri Oct 31 2025	14	574.00	368
Fri Oct 31 2025	904	575.00	7094
Fri Oct 31 2025	4	576.00	459
Fri Oct 31 2025	16	577.00	312
Fri Oct 31 2025	9	578.00	764
Fri Oct 31 2025	5	579.00	1235
Fri Oct 31 2025	632	580.00	10314
Fri Oct 31 2025	10	581.00	432
Fri Oct 31 2025	16	582.00	165
Fri Oct 31 2025	4	583.00	552
Fri Oct 31 2025	22	584.00	176
Fri Oct 31 2025	1071	585.00	17550
Fri Oct 31 2025	45	586.00	708
Fri Oct 31 2025	185	587.00	647
Fri Oct 31 2025	90	588.00	591
Fri Oct 31 2025	13	589.00	305
Fri Oct 31 2025	1671	590.00	12954
Fri Oct 31 2025	26	591.00	2149
Fri Oct 31 2025	21	592.00	16155
Fri Oct 31 2025	9	593.00	360
Fri Oct 31 2025	114	594.00	949
Fri Oct 31 2025	2646	595.00	10561
Fri Oct 31 2025	50	596.00	416
Fri Oct 31 2025	43	597.00	588
Fri Oct 31 2025	36	598.00	330
Fri Oct 31 2025	31	599.00	18542
Fri Oct 31 2025	1221	600.00	17258
Fri Oct 31 2025	40	601.00	4511
Fri Oct 31 2025	309	602.00	962
Fri Oct 31 2025	159	603.00	4930
Fri Oct 31 2025	740	604.00	804
Fri Oct 31 2025	1429	605.00	28711
Fri Oct 31 2025	74	606.00	3060
Fri Oct 31 2025	81	607.00	965
Fri Oct 31 2025	78	608.00	1568
Fri Oct 31 2025	38	609.00	1075
Fri Oct 31 2025	2652	610.00	30010
Fri Oct 31 2025	12	611.00	1624
Fri Oct 31 2025	21	612.00	9757
Fri Oct 31 2025	19	613.00	1473
Fri Oct 31 2025	55	614.00	816
Fri Oct 31 2025	1955	615.00	7770
Fri Oct 31 2025	61	616.00	1121
Fri Oct 31 2025	35	617.00	789
Fri Oct 31 2025	211	618.00	851
Fri Oct 31 2025	1587	619.00	653
Fri Oct 31 2025	2160	620.00	15909
Fri Oct 31 2025	783	621.00	665
Fri Oct 31 2025	139	622.00	1638
Fri Oct 31 2025	72	623.00	1689
Fri Oct 31 2025	326	624.00	1412
Fri Oct 31 2025	745	625.00	35245
Fri Oct 31 2025	60	626.00	986
Fri Oct 31 2025	53	627.00	1135
Fri Oct 31 2025	78	628.00	2274
Fri Oct 31 2025	50	629.00	1286
Fri Oct 31 2025	3707	630.00	22859
Fri Oct 31 2025	155	631.00	2423
Fri Oct 31 2025	275	632.00	1093
Fri Oct 31 2025	411	633.00	5819
Fri Oct 31 2025	372	634.00	7627
Fri Oct 31 2025	5134	635.00	19682
Fri Oct 31 2025	385	636.00	1049
Fri Oct 31 2025	174	637.00	1949
Fri Oct 31 2025	302	638.00	14046
Fri Oct 31 2025	421	639.00	1751
Fri Oct 31 2025	6120	640.00	26742
Fri Oct 31 2025	197	641.00	1859
Fri Oct 31 2025	358	642.00	2023
Fri Oct 31 2025	389	643.00	1900
Fri Oct 31 2025	1330	644.00	1536
Fri Oct 31 2025	2941	645.00	14099
Fri Oct 31 2025	1206	646.00	1346
Fri Oct 31 2025	731	647.00	1958
Fri Oct 31 2025	825	648.00	1557
Fri Oct 31 2025	954	649.00	2050
Fri Oct 31 2025	2581	650.00	33000
Fri Oct 31 2025	447	651.00	1778
Fri Oct 31 2025	290	652.00	3789
Fri Oct 31 2025	581	653.00	1553
Fri Oct 31 2025	834	654.00	1540
Fri Oct 31 2025	6576	655.00	7110
Fri Oct 31 2025	790	656.00	2671
Fri Oct 31 2025	722	657.00	3304
Fri Oct 31 2025	956	658.00	1774
Fri Oct 31 2025	1731	659.00	1419
Fri Oct 31 2025	21915	660.00	26330
Fri Oct 31 2025	1338	661.00	1211
Fri Oct 31 2025	1760	662.00	2773
Fri Oct 31 2025	1883	663.00	3008
Fri Oct 31 2025	1142	664.00	1533
Fri Oct 31 2025	25716	665.00	12816
Fri Oct 31 2025	2966	666.00	2518
Fri Oct 31 2025	1667	667.00	2402
Fri Oct 31 2025	1797	668.00	3939
Fri Oct 31 2025	1551	669.00	1675
Fri Oct 31 2025	9324	670.00	6232
Fri Oct 31 2025	2652	671.00	1180
Fri Oct 31 2025	5693	672.00	2506
Fri Oct 31 2025	3222	673.00	1051
Fri Oct 31 2025	1980	674.00	749
Fri Oct 31 2025	6121	675.00	2072
Fri Oct 31 2025	971	676.00	746
Fri Oct 31 2025	3848	677.00	296
Fri Oct 31 2025	754	678.00	669
Fri Oct 31 2025	1116	679.00	60
Fri Oct 31 2025	7937	680.00	537
Fri Oct 31 2025	1460	681.00	39
Fri Oct 31 2025	1537	682.00	25
Fri Oct 31 2025	1595	683.00	73
Fri Oct 31 2025	892	684.00	4
Fri Oct 31 2025	6591	685.00	1918
Fri Oct 31 2025	1899	686.00	37
Fri Oct 31 2025	1180	687.00	485
Fri Oct 31 2025	2135	688.00	157
Fri Oct 31 2025	696	689.00	2
Fri Oct 31 2025	3146	690.00	2559
Fri Oct 31 2025	696	691.00	1
Fri Oct 31 2025	1582	692.00	9
Fri Oct 31 2025	782	693.00	0
Fri Oct 31 2025	1057	694.00	0
Fri Oct 31 2025	4644	695.00	6
Fri Oct 31 2025	1772	696.00	1
Fri Oct 31 2025	866	697.00	3
Fri Oct 31 2025	614	698.00	0
Fri Oct 31 2025	591	699.00	0
Fri Oct 31 2025	7125	700.00	191
Fri Oct 31 2025	1293	701.00	0
Fri Oct 31 2025	778	702.00	0
Fri Oct 31 2025	393	703.00	0
Fri Oct 31 2025	375	704.00	0
Fri Oct 31 2025	3635	705.00	0
Fri Oct 31 2025	347	706.00	0
Fri Oct 31 2025	793	707.00	0
Fri Oct 31 2025	102	708.00	2
Fri Oct 31 2025	631	709.00	0
Fri Oct 31 2025	2426	710.00	0
Fri Oct 31 2025	573	711.00	0
Fri Oct 31 2025	497	712.00	0
Fri Oct 31 2025	71	713.00	0
Fri Oct 31 2025	312	714.00	0
Fri Oct 31 2025	953	715.00	73
Fri Oct 31 2025	233	716.00	0
Fri Oct 31 2025	634	718.00	0
Fri Oct 31 2025	1167	720.00	0
Fri Oct 31 2025	582	725.00	0
Fri Oct 31 2025	1808	730.00	0
Fri Oct 31 2025	1672	735.00	0
Fri Oct 31 2025	1553	740.00	0
Fri Oct 31 2025	762	745.00	0
Fri Oct 31 2025	770	750.00	0
Fri Oct 31 2025	68	755.00	0
Fri Oct 31 2025	1182	760.00	0
Fri Oct 31 2025	119	765.00	0
Fri Oct 31 2025	1522	770.00	0
Fri Oct 31 2025	50914	780.00	0

